17 0.9546875 0.6892523364485982 0.0859375 0.11682242990654206
19 0.721875 0.5607476635514018 0.0953125 0.11448598130841121
17 0.3671875 0.6635514018691588 0.05625 0.10514018691588785
10 0.2828125 0.48130841121495327 0.0171875 0.037383177570093455
10 0.4015625 0.5327102803738317 0.01875 0.04906542056074766
10 0.675 0.4766355140186916 0.0234375 0.0397196261682243
10 0.696875 0.4602803738317757 0.0171875 0.030373831775700934
10 0.3390625 0.3317757009345794 0.0078125 0.014018691588785047
10 0.4015625 0.308411214953271 0.00625 0.009345794392523364
10 0.478125 0.3317757009345794 0.0078125 0.016355140186915886
16 0.2984375 0.3107476635514019 0.0140625 0.016355140186915886
11 0.315625 0.308411214953271 0.0140625 0.02336448598130841
4 0.2828125 0.29906542056074764 0.01875 0.037383177570093455
4 0.2796875 0.2733644859813084 0.0171875 0.014018691588785047
17 0.3296875 0.4369158878504673 0.021875 0.04672897196261682
17 0.30625 0.3808411214953271 0.0171875 0.030373831775700934
17 0.4953125 0.39485981308411217 0.021875 0.035046728971962614
17 0.43125 0.34345794392523366 0.0125 0.02570093457943925
15 0.4140625 0.34579439252336447 0.021875 0.030373831775700934
5 0.3671875 0.4158878504672897 0.03125 0.03271028037383177
5 0.3046875 0.3364485981308411 0.0171875 0.02336448598130841
5 0.415625 0.31542056074766356 0.0171875 0.018691588785046728
5 0.371875 0.31542056074766356 0.0140625 0.02102803738317757
5 0.3234375 0.29205607476635514 0.0078125 0.009345794392523364
5 0.3125 0.2733644859813084 0.0078125 0.009345794392523364
5 0.3390625 0.2803738317757009 0.009375 0.011682242990654205
5 0.303125 0.29439252336448596 0.00625 0.011682242990654205
17 0.390625 0.3107476635514019 0.009375 0.016355140186915886
5 0.3578125 0.34813084112149534 0.0203125 0.02570093457943925
17 0.3609375 0.28738317757009346 0.0046875 0.011682242990654205
4 0.5125 0.3598130841121495 0.0515625 0.04439252336448598