5 0.8796875 0.8309859154929577 0.09375 0.1572769953051643
5 0.2515625 0.8403755868544601 0.15 0.14084507042253522
17 0.484375 0.704225352112676 0.0546875 0.09624413145539906
3 0.3015625 0.6854460093896714 0.0328125 0.056338028169014086
15 0.38125 0.704225352112676 0.04375 0.11971830985915492
13 0.353125 0.6713615023474179 0.0140625 0.07042253521126761
5 0.503125 0.6431924882629108 0.0375 0.025821596244131457
5 0.4734375 0.6197183098591549 0.05625 0.03990610328638498
10 0.459375 0.5821596244131455 0.021875 0.035211267605633804
5 0.5484375 0.6009389671361502 0.0484375 0.04929577464788732
5 0.5015625 0.5821596244131455 0.0453125 0.03286384976525822
5 0.575 0.5539906103286385 0.01875 0.04225352112676056
19 0.5234375 0.5469483568075117 0.04375 0.03990610328638498
10 0.49375 0.5563380281690141 0.0109375 0.014084507042253521
9 0.5546875 0.5352112676056338 0.01875 0.04460093896713615
17 0.503125 0.5046948356807511 0.0171875 0.03051643192488263
17 0.540625 0.48826291079812206 0.0171875 0.028169014084507043
17 0.56875 0.4835680751173709 0.015625 0.025821596244131457
17 0.590625 0.4788732394366197 0.0125 0.025821596244131457
17 0.603125 0.4835680751173709 0.0125 0.025821596244131457
17 0.70625 0.47183098591549294 0.0109375 0.023474178403755867
17 0.7875 0.5727699530516432 0.0234375 0.051643192488262914
5 0.621875 0.47183098591549294 0.015625 0.018779342723004695
5 0.609375 0.4624413145539906 0.0125 0.01643192488262911
5 0.634375 0.460093896713615 0.0078125 0.01643192488262911
5 0.7203125 0.4812206572769953 0.0140625 0.02112676056338028
5 0.7375 0.4953051643192488 0.009375 0.028169014084507043
5 0.6796875 0.44366197183098594 0.009375 0.011737089201877934
5 0.6640625 0.4647887323943662 0.0140625 0.007042253521126761
10 0.65625 0.5234741784037559 0.0140625 0.025821596244131457
4 0.6890625 0.460093896713615 0.0171875 0.01643192488262911
11 0.678125 0.4765258215962441 0.0171875 0.01643192488262911
11 0.68125 0.5164319248826291 0.03125 0.06103286384976526
11 0.7140625 0.43427230046948356 0.009375 0.014084507042253521