4 0.16484375 0.925 0.3296875 0.14166666666666666
12 0.390625 0.9083333333333333 0.125 0.18125
5 0.040625 0.8104166666666667 0.08125 0.17916666666666667
17 0.23125 0.8354166666666667 0.078125 0.035416666666666666
19 0.3984375 0.7583333333333333 0.0984375 0.13333333333333333
5 0.46875 0.7083333333333334 0.059375 0.1125
17 0.3375 0.7604166666666666 0.0609375 0.12916666666666668
19 0.15 0.7854166666666667 0.140625 0.14166666666666666
5 0.24375 0.7291666666666666 0.0875 0.11875
17 0.45625 0.6479166666666667 0.04375 0.058333333333333334
0 0.3875 0.6708333333333333 0.075 0.10833333333333334
5 0.3078125 0.6625 0.071875 0.07916666666666666
5 0.1390625 0.7125 0.1171875 0.10833333333333334
5 0.1828125 0.6395833333333333 0.0734375 0.0625
5 0.265625 0.61875 0.0625 0.075
5 0.33125 0.6145833333333334 0.046875 0.0625
17 0.403125 0.5916666666666667 0.0328125 0.029166666666666667
5 0.4453125 0.6229166666666667 0.04375 0.06458333333333334
17 0.45 0.5770833333333333 0.028125 0.027083333333333334
15 0.2109375 0.5854166666666667 0.0671875 0.05416666666666667
5 0.2828125 0.575 0.04375 0.03125
17 0.221875 0.55 0.034375 0.01875
11 0.246875 0.54375 0.0453125 0.04583333333333333
19 0.3546875 0.5708333333333333 0.0515625 0.07291666666666667
19 0.41875 0.55625 0.0421875 0.05625
17 0.446875 0.54375 0.0140625 0.035416666666666666
5 0.3296875 0.5541666666666667 0.0203125 0.04791666666666667
17 0.2921875 0.5479166666666667 0.0296875 0.03125
5 0.3875 0.5541666666666667 0.0203125 0.04375
17 0.45 0.525 0.0203125 0.014583333333333334
17 0.4234375 0.5208333333333334 0.021875 0.014583333333333334
5 0.415625 0.5145833333333333 0.025 0.020833333333333332
5 0.334375 0.5333333333333333 0.034375 0.03125
15 0.29375 0.53125 0.0375 0.035416666666666666
19 0.346875 0.5083333333333333 0.0296875 0.041666666666666664
5 0.3046875 0.5083333333333333 0.025 0.01875
5 0.384375 0.5208333333333334 0.03125 0.025
5 0.375 0.5020833333333333 0.0234375 0.0125
5 0.409375 0.4979166666666667 0.025 0.016666666666666666
5 0.4140625 0.48541666666666666 0.01875 0.00625
9 0.371875 0.48333333333333334 0.0234375 0.027083333333333334
4 0.3921875 0.4583333333333333 0.0265625 0.04583333333333333
17 0.084375 0.5 0.03125 0.03958333333333333
17 0.040625 0.5041666666666667 0.025 0.041666666666666664
5 0.1265625 0.48125 0.03125 0.029166666666666667
17 0.1078125 0.4895833333333333 0.01875 0.03125
5 0.2046875 0.44375 0.0171875 0.016666666666666666
17 0.1890625 0.44583333333333336 0.0140625 0.020833333333333332
4 0.4171875 0.42916666666666664 0.0171875 0.022916666666666665
4 0.39375 0.41041666666666665 0.015625 0.03333333333333333
9 0.3421875 0.48333333333333334 0.0234375 0.022916666666666665
5 0.34375 0.46458333333333335 0.0140625 0.010416666666666666
5 0.3453125 0.45625 0.0140625 0.00625