9 0.4765625 0.91875 0.1515625 0.16041666666666668
5 0.615625 0.9145833333333333 0.153125 0.16666666666666666
5 0.80625 0.95 0.20625 0.09583333333333334
9 0.703125 0.8041666666666667 0.1640625 0.16875
17 0.5515625 0.7708333333333334 0.0765625 0.13333333333333333
3 0.8703125 0.6291666666666667 0.0296875 0.04583333333333333
10 0.771875 0.6020833333333333 0.03125 0.04375
11 0.4390625 0.7375 0.134375 0.19791666666666666
5 0.4953125 0.7 0.071875 0.09791666666666667
15 0.584375 0.6958333333333333 0.109375 0.10833333333333334
5 0.3453125 0.6625 0.0640625 0.08333333333333333
5 0.4453125 0.625 0.06875 0.06875
5 0.540625 0.625 0.0734375 0.06666666666666667
5 0.49375 0.58125 0.05625 0.05625
17 0.35625 0.6020833333333333 0.0390625 0.058333333333333334
5 0.4140625 0.5854166666666667 0.059375 0.058333333333333334
17 0.3703125 0.5854166666666667 0.0375 0.06458333333333334
5 0.4421875 0.55 0.046875 0.04791666666666667
5 0.3921875 0.5458333333333333 0.0453125 0.0375
5 0.325 0.5708333333333333 0.04375 0.05625
5 0.4328125 0.51875 0.040625 0.03333333333333333
5 0.321875 0.5333333333333333 0.0375 0.020833333333333332
10 0.4625 0.5166666666666667 0.0125 0.020833333333333332
19 0.4359375 0.4895833333333333 0.0296875 0.03958333333333333
4 0.3734375 0.49375 0.046875 0.08541666666666667
17 0.33125 0.5104166666666666 0.0265625 0.0375
5 0.3046875 0.49375 0.028125 0.03125
5 0.409375 0.48541666666666666 0.0234375 0.03125
17 0.3359375 0.48541666666666666 0.0234375 0.03333333333333333
11 0.415625 0.45416666666666666 0.028125 0.029166666666666667
5 0.321875 0.4708333333333333 0.0234375 0.014583333333333334
5 0.31875 0.46458333333333335 0.0234375 0.022916666666666665
5 0.34375 0.4625 0.01875 0.022916666666666665
10 0.28125 0.46875 0.0078125 0.016666666666666666
5 0.346875 0.4479166666666667 0.021875 0.014583333333333334
4 0.3125 0.4375 0.0328125 0.05416666666666667
19 0.3375 0.4270833333333333 0.0171875 0.027083333333333334
5 0.38125 0.42916666666666664 0.0140625 0.016666666666666666
10 0.2828125 0.4395833333333333 0.0046875 0.010416666666666666
17 0.29375 0.4354166666666667 0.0078125 0.022916666666666665
10 0.346875 0.38125 0.003125 0.00625
10 0.340625 0.38125 0.003125 0.00625
10 0.3328125 0.38125 0.0015625 0.00625
10 0.3234375 0.37916666666666665 0.0015625 0.004166666666666667
11 0.6921875 0.4708333333333333 0.0515625 0.03333333333333333