0 0.5734375 0.8948863636363636 0.0890625 0.19318181818181818
15 0.68125 0.8892045454545454 0.103125 0.16477272727272727
5 0.521875 0.7755681818181818 0.0515625 0.09943181818181818
15 0.4453125 0.7414772727272727 0.05 0.10511363636363637
5 0.5875 0.7130681818181818 0.0484375 0.07670454545454546
5 0.5171875 0.6676136363636364 0.0359375 0.06534090909090909
3 0.590625 0.6534090909090909 0.009375 0.03977272727272727
3 0.5578125 0.6420454545454546 0.0078125 0.03409090909090909
10 0.578125 0.6335227272727273 0.0078125 0.03125
5 0.484375 0.6051136363636364 0.0421875 0.048295454545454544
5 0.54375 0.6079545454545454 0.0453125 0.048295454545454544
9 0.609375 0.5909090909090909 0.059375 0.048295454545454544
12 0.0875 0.8664772727272727 0.1140625 0.17045454545454544
10 0.059375 0.7727272727272727 0.025 0.03977272727272727
5 0.3078125 0.6278409090909091 0.0453125 0.05397727272727273
5 0.365625 0.6136363636363636 0.046875 0.048295454545454544
10 0.340625 0.6051136363636364 0.0140625 0.03125
17 0.29375 0.5284090909090909 0.015625 0.03125
15 0.55 0.5823863636363636 0.0578125 0.04261363636363636
7 0.521875 0.5596590909090909 0.040625 0.048295454545454544
5 0.56875 0.5625 0.0453125 0.03125
9 0.4484375 0.5625 0.053125 0.045454545454545456
5 0.4453125 0.5255681818181818 0.015625 0.028409090909090908
5 0.4296875 0.5284090909090909 0.0140625 0.022727272727272728