10 0.6640625 0.6479166666666667 0.028125 0.05416666666666667
13 0.734375 0.5958333333333333 0.034375 0.07291666666666667
5 0.85 0.5479166666666667 0.08125 0.03958333333333333
17 0.78125 0.5958333333333333 0.046875 0.06666666666666667
5 0.9859375 0.7020833333333333 0.025 0.07916666666666666
17 0.7 0.51875 0.0296875 0.03958333333333333
5 0.6734375 0.50625 0.01875 0.03958333333333333
13 0.6265625 0.5083333333333333 0.01875 0.041666666666666664
17 0.5390625 0.5375 0.0265625 0.05
17 0.534375 0.48541666666666666 0.01875 0.03333333333333333
5 0.634375 0.4666666666666667 0.04375 0.025
5 0.5953125 0.45416666666666666 0.0203125 0.025
9 0.575 0.45 0.01875 0.025
17 0.5390625 0.45 0.0125 0.020833333333333332
5 0.584375 0.5395833333333333 0.040625 0.04583333333333333
13 0.084375 0.7395833333333334 0.06875 0.11458333333333333
17 0.25625 0.625 0.05 0.07916666666666666
13 0.346875 0.48541666666666666 0.0171875 0.03333333333333333
5 0.45625 0.48125 0.025 0.03125
10 0.4 0.48333333333333334 0.0125 0.022916666666666665
11 0.4328125 0.43333333333333335 0.0109375 0.022916666666666665