10 0.3328125 0.4899328859060403 0.040625 0.1040268456375839
17 0.240625 0.44966442953020136 0.06875 0.174496644295302
17 0.178125 0.6778523489932886 0.09375 0.2550335570469799
3 0.359375 0.9093959731543624 0.0484375 0.15436241610738255
10 0.209375 0.912751677852349 0.0453125 0.1174496644295302
10 0.27890625 0.9177852348993288 0.0515625 0.14429530201342283
5 0.09375 0.9110738255033557 0.165625 0.15771812080536912
5 0.20625 0.2751677852348993 0.06875 0.12080536912751678
10 0.346875 0.18791946308724833 0.01875 0.06040268456375839
9 0.3 0.10067114093959731 0.0375 0.08053691275167785
10 0.34375 0.07718120805369127 0.015625 0.040268456375838924
17 0.4125 0.11073825503355705 0.021875 0.07046979865771812
13 0.390625 0.07046979865771812 0.015625 0.06711409395973154
17 0.3765625 0.053691275167785234 0.0140625 0.05704697986577181
17 0.3734375 0.01174496644295302 0.01875 0.02348993288590604
5 0.509375 0.2348993288590604 0.04375 0.10738255033557047