5 0.43125 0.6151960784313726 0.0546875 0.0857843137254902
10 0.65625 0.5392156862745098 0.0171875 0.03676470588235294
11 0.4640625 0.46078431372549017 0.040625 0.08333333333333333
13 0.1015625 0.6617647058823529 0.0703125 0.07598039215686274
11 0.59375 0.47794117647058826 0.0328125 0.049019607843137254
17 0.5375 0.41911764705882354 0.0140625 0.02696078431372549
18 0.6 0.38480392156862747 0.0265625 0.04411764705882353
18 0.540625 0.375 0.015625 0.0196078431372549
18 0.3296875 0.4362745098039216 0.0515625 0.056372549019607844
18 0.3703125 0.40441176470588236 0.034375 0.04411764705882353
18 0.4015625 0.38480392156862747 0.0265625 0.041666666666666664
10 0.40625 0.43137254901960786 0.00625 0.014705882352941176
13 0.4296875 0.3872549019607843 0.0078125 0.01715686274509804
18 0.4734375 0.37254901960784315 0.015625 0.02696078431372549
20 0.7890625 0.5637254901960784 0.0421875 0.05392156862745098
20 0.3296875 0.4803921568627451 0.0234375 0.029411764705882353