8 0.7729166666666667 0.4828125 0.4479166666666667 0.3359375
10 0.53125 0.4765625 0.06666666666666667 0.1125
13 0.07916666666666666 0.51875 0.15833333333333333 0.2125
13 0.19583333333333333 0.446875 0.07291666666666667 0.078125
13 0.28125 0.4390625 0.07916666666666666 0.0609375
5 0.31875 0.578125 0.3958333333333333 0.24375
5 0.40625 0.4640625 0.14166666666666666 0.0609375
5 0.49583333333333335 0.4375 0.09166666666666666 0.05
8 0.3729166666666667 0.3984375 0.15833333333333333 0.078125
4 0.47708333333333336 0.40625 0.06666666666666667 0.046875
13 0.11875 0.44375 0.08125 0.071875
17 0.016666666666666666 0.4140625 0.03333333333333333 0.03125