17 0.3132780082987552 0.6265625 0.2863070539419087 0.259375
5 0.8651452282157677 0.65625 0.24896265560165975 0.2546875
5 0.7178423236514523 0.6 0.36929460580912865 0.1609375
5 0.5228215767634855 0.575 0.1970954356846473 0.11875
17 0.035269709543568464 0.653125 0.07053941908713693 0.303125
5 0.12240663900414937 0.5765625 0.12655601659751037 0.121875
5 0.16182572614107885 0.60625 0.1078838174273859 0.1609375
4 0.5995850622406639 0.465625 0.14522821576763487 0.0890625
4 0.3775933609958506 0.4640625 0.2676348547717842 0.075
4 0.13278008298755187 0.4765625 0.12863070539419086 0.04375
4 0.22821576763485477 0.4765625 0.06846473029045644 0.0453125
4 0.18672199170124482 0.4546875 0.08713692946058091 0.0484375
15 0.7136929460580913 0.5140625 0.1950207468879668 0.05625