8 0.7875 0.475 0.42083333333333334 0.384375
5 0.5625 0.43125 0.09166666666666666 0.0703125
5 0.4395833333333333 0.434375 0.1 0.06875
10 0.38958333333333334 0.484375 0.08541666666666667 0.159375
13 0.30416666666666664 0.4515625 0.10208333333333333 0.1125
13 0.225 0.4375 0.06041666666666667 0.0875
13 0.2708333333333333 0.425 0.052083333333333336 0.075
13 0.175 0.4046875 0.07291666666666667 0.03125
5 0.12291666666666666 0.446875 0.17916666666666667 0.090625
5 0.06666666666666667 0.5109375 0.13333333333333333 0.196875
8 0.41875 0.38125 0.1625 0.0625
13 0.052083333333333336 0.4 0.06875 0.0375