5 0.65 0.4921875 0.3 0.146875
17 0.4111111111111111 0.45 0.19166666666666668 0.128125
13 0.25833333333333336 0.434375 0.14444444444444443 0.1109375
3 0.04722222222222222 0.396875 0.03611111111111111 0.05625
5 0.1388888888888889 0.39375 0.11388888888888889 0.046875
19 0.125 0.3671875 0.12777777777777777 0.01875
5 0.04722222222222222 0.375 0.08611111111111111 0.021875
4 0.05555555555555555 0.34375 0.08611111111111111 0.0265625
4 0.11944444444444445 0.346875 0.05 0.0265625
4 0.2111111111111111 0.3515625 0.10277777777777777 0.0359375
4 0.4583333333333333 0.384375 0.37777777777777777 0.115625
13 0.8944444444444445 0.4625 0.2 0.140625
13 0.7722222222222223 0.4203125 0.06666666666666667 0.071875