17 0.69375 0.8578125 0.3229166666666667 0.2796875
5 0.5354166666666667 0.753125 0.15833333333333333 0.14375
13 0.8083333333333333 0.75 0.16875 0.171875
11 0.83125 0.6765625 0.25833333333333336 0.15625
3 0.6729166666666667 0.7078125 0.052083333333333336 0.0265625
4 0.4479166666666667 0.6375 0.08958333333333333 0.0796875
13 0.5520833333333334 0.6609375 0.0375 0.04375
10 0.5020833333333333 0.6546875 0.016666666666666666 0.025
10 0.39791666666666664 0.6515625 0.0125 0.0203125
5 0.525 0.6421875 0.03333333333333333 0.0234375
5 0.6104166666666667 0.6390625 0.03958333333333333 0.0234375
17 0.026041666666666668 0.74765625 0.052083333333333336 0.1359375
11 0.17916666666666667 0.6671875 0.16875 0.1125