5 0.49722222222222223 0.68125 0.8555555555555555 0.446875
10 0.13055555555555556 0.496875 0.16666666666666666 0.2171875
10 0.3194444444444444 0.4453125 0.14166666666666666 0.1140625
17 0.5805555555555556 0.425 0.25833333333333336 0.0859375
19 0.5694444444444444 0.425 0.36666666666666664 0.1390625
5 0.875 0.45 0.24722222222222223 0.1296875
5 0.9222222222222223 0.51875 0.14722222222222223 0.165625
13 0.2777777777777778 0.41875 0.13333333333333333 0.115625
13 0.17777777777777778 0.384375 0.075 0.0734375
13 0.06111111111111111 0.3828125 0.075 0.0640625
4 0.3472222222222222 0.3546875 0.325 0.153125
13 0.3055555555555556 0.378125 0.08333333333333333 0.0453125
4 0.8416666666666667 0.3484375 0.3111111111111111 0.0703125