4 0.07222222222222222 0.471875 0.14444444444444443 0.3953125
10 0.275 0.428125 0.06388888888888888 0.06875
11 0.4527777777777778 0.46875 0.25277777777777777 0.171875
19 0.7277777777777777 0.44375 0.28888888888888886 0.1234375
4 0.23055555555555557 0.3953125 0.14444444444444443 0.1078125
4 0.4166666666666667 0.3578125 0.18055555555555555 0.05
5 0.85 0.5078125 0.28888888888888886 0.1640625
4 0.8777777777777778 0.384375 0.23333333333333334 0.0765625
4 0.5361111111111111 0.3625 0.06944444444444445 0.0390625
15 0.5638888888888889 0.40625 0.05555555555555555 0.053125
4 0.3138888888888889 0.371875 0.025 0.0640625