13 0.7388888888888889 0.55 0.3972222222222222 0.2875
10 0.37222222222222223 0.446875 0.09166666666666666 0.0828125
4 0.7 0.403125 0.38055555555555554 0.1234375
8 0.2611111111111111 0.3921875 0.08333333333333333 0.0546875
8 0.2833333333333333 0.371875 0.06666666666666667 0.034375
5 0.48055555555555557 0.415625 0.058333333333333334 0.0453125
13 0.3277777777777778 0.40625 0.03611111111111111 0.05
13 0.3638888888888889 0.3953125 0.03333333333333333 0.0203125
13 0.19722222222222222 0.3875 0.022222222222222223 0.0140625
13 0.175 0.3890625 0.019444444444444445 0.01875
13 0.1527777777777778 0.3875 0.022222222222222223 0.0125
8 0.13333333333333333 0.371875 0.025 0.0109375
8 0.17777777777777778 0.371875 0.044444444444444446 0.0125
13 0.3861111111111111 0.3828125 0.019444444444444445 0.0078125
13 0.4444444444444444 0.3828125 0.022222222222222223 0.009375
13 0.4166666666666667 0.428125 0.08055555555555556 0.0796875
13 0.2361111111111111 0.409375 0.058333333333333334 0.053125
5 0.45555555555555555 0.396875 0.03333333333333333 0.01875
13 0.49166666666666664 0.3890625 0.03611111111111111 0.009375
13 0.10555555555555556 0.3875 0.030555555555555555 0.0125
13 0.13055555555555556 0.3890625 0.025 0.0109375
13 0.07222222222222222 0.384375 0.019444444444444445 0.0078125
9 0.9055555555555556 0.4 0.05 0.0453125