3 0.4888888888888889 0.43125 0.06388888888888888 0.1046875
3 0.31666666666666665 0.371875 0.016666666666666666 0.03125
13 0.12777777777777777 0.3875 0.06666666666666667 0.0640625
5 0.6416666666666667 0.3984375 0.16944444444444445 0.05
5 0.8 0.4328125 0.20277777777777778 0.06875
13 0.8 0.390625 0.05277777777777778 0.01875
5 0.5583333333333333 0.384375 0.09166666666666666 0.0390625
4 0.7305555555555555 0.365625 0.16666666666666666 0.0515625
4 0.8444444444444444 0.3671875 0.05555555555555555 0.0328125
4 0.9 0.384375 0.06944444444444445 0.0671875
4 0.95 0.4125 0.09166666666666666 0.1359375
4 0.6222222222222222 0.359375 0.06111111111111111 0.028125
4 0.4888888888888889 0.359375 0.058333333333333334 0.0265625
11 0.0375 0.4125 0.075 0.059375
13 0.05 0.36875 0.05 0.0359375
13 0.11944444444444445 0.35 0.013888888888888888 0.0078125
3 0.16666666666666666 0.3578125 0.008333333333333333 0.0171875