5 0.5055555555555555 0.546875 0.6388888888888888 0.2484375
10 0.8722222222222222 0.4859375 0.1638888888888889 0.171875
13 0.6861111111111111 0.421875 0.16666666666666666 0.121875
17 0.3333333333333333 0.415625 0.1388888888888889 0.0890625
5 0.5305555555555556 0.4140625 0.19444444444444445 0.0390625
4 0.75 0.375 0.4861111111111111 0.10625
5 0.9222222222222223 0.446875 0.15 0.1171875
4 0.15 0.365625 0.2361111111111111 0.0734375
4 0.2916666666666667 0.3515625 0.075 0.040625
13 0.425 0.390625 0.044444444444444446 0.0578125
13 0.3527777777777778 0.3671875 0.03333333333333333 0.015625
13 0.19722222222222222 0.415625 0.13055555555555556 0.0953125
13 0.03611111111111111 0.390625 0.06111111111111111 0.0578125
13 0.05277777777777778 0.6875 0.1 0.4109375
13 0.49722222222222223 0.3796875 0.030555555555555555 0.0328125
13 0.3888888888888889 0.365625 0.027777777777777776 0.0140625