13 0.4722222222222222 0.5578125 0.5194444444444445 0.2640625
5 0.7444444444444445 0.5078125 0.19444444444444445 0.153125
17 0.4583333333333333 0.4515625 0.1638888888888889 0.1140625
13 0.30833333333333335 0.4390625 0.14166666666666666 0.096875
4 0.5027777777777778 0.3796875 0.2916666666666667 0.0796875
5 0.19722222222222222 0.40625 0.125 0.0484375
4 0.2722222222222222 0.3640625 0.14166666666666666 0.0296875
19 0.21388888888888888 0.378125 0.12777777777777777 0.01875
4 0.09166666666666666 0.3578125 0.18055555555555555 0.0359375
4 0.8972222222222223 0.421875 0.19722222222222222 0.2015625
5 0.13055555555555556 0.396875 0.1 0.0421875