19 0.49166666666666664 0.553125 0.38055555555555554 0.2078125
4 0.1361111111111111 0.446875 0.26944444444444443 0.228125
4 0.9027777777777778 0.4484375 0.18888888888888888 0.115625
5 0.7111111111111111 0.465625 0.14722222222222223 0.0421875
13 0.3416666666666667 0.440625 0.03888888888888889 0.01875
13 0.28888888888888886 0.4546875 0.03611111111111111 0.0421875
4 0.2972222222222222 0.4328125 0.06388888888888888 0.053125
13 0.6555555555555556 0.4375 0.025 0.0140625
13 0.6083333333333333 0.4375 0.019444444444444445 0.0171875
9 0.3388888888888889 0.4296875 0.019444444444444445 0.0078125
13 0.35555555555555557 0.4296875 0.008333333333333333 0.0078125