13 0.1375 0.44166666666666665 0.0875 0.0875
18 0.3953125 0.4395833333333333 0.165625 0.08125
2 0.5546875 0.45 0.05625 0.06041666666666667
13 0.66875 0.46041666666666664 0.0421875 0.05625
2 0.6859375 0.44583333333333336 0.0328125 0.03333333333333333
2 0.7171875 0.45625 0.0375 0.04375
13 0.7703125 0.4625 0.0328125 0.04791666666666667
3 0.7453125 0.4625 0.0140625 0.03125
2 0.753125 0.4583333333333333 0.015625 0.035416666666666666
2 0.8953125 0.46458333333333335 0.0234375 0.03333333333333333
18 0.9171875 0.46041666666666664 0.0234375 0.035416666666666666
10 0.93125 0.4708333333333333 0.0140625 0.029166666666666667
2 0.975 0.4666666666666667 0.0125 0.016666666666666666