3 0.6875 0.6520833333333333 0.2796875 0.5541666666666667
2 0.50625 0.4625 0.0984375 0.1375
2 0.403125 0.46875 0.09375 0.13333333333333333
10 0.1578125 0.8270833333333333 0.3109375 0.3416666666666667
2 0.2515625 0.42916666666666664 0.0140625 0.025
18 0.284375 0.42083333333333334 0.0140625 0.020833333333333332
2 0.2984375 0.425 0.00625 0.014583333333333334
3 0.290625 0.44166666666666665 0.0109375 0.03958333333333333
13 0.3140625 0.44166666666666665 0.0203125 0.04375
13 0.3390625 0.4479166666666667 0.0234375 0.04791666666666667
13 0.26875 0.425 0.0078125 0.014583333333333334