3 0.534375 0.6645833333333333 0.090625 0.26458333333333334
2 0.4640625 0.5708333333333333 0.0453125 0.075
13 0.565625 0.5770833333333333 0.0484375 0.10416666666666667
13 0.496875 0.5625 0.0265625 0.06458333333333334
13 0.4078125 0.5583333333333333 0.0203125 0.05
2 0.4265625 0.5541666666666667 0.0203125 0.04583333333333333
2 0.3953125 0.55 0.015625 0.03333333333333333
10 0.6171875 0.5729166666666666 0.034375 0.04375
10 0.3828125 0.5416666666666666 0.00625 0.014583333333333334
2 0.359375 0.5416666666666666 0.009375 0.020833333333333332
2 0.3703125 0.5458333333333333 0.015625 0.03125
10 0.8296875 0.6020833333333333 0.0765625 0.0625