10 0.528125 0.8375 0.3671875 0.3145833333333333
3 0.378125 0.6083333333333333 0.0296875 0.07291666666666667
3 0.3484375 0.5604166666666667 0.0109375 0.027083333333333334
3 0.4 0.5416666666666666 0.00625 0.016666666666666666
13 0.4203125 0.5604166666666667 0.0328125 0.06875
13 0.74375 0.5916666666666667 0.121875 0.17083333333333334
10 0.809375 0.5916666666666667 0.0671875 0.04791666666666667
2 0.5625 0.5791666666666667 0.0921875 0.12916666666666668
2 0.4828125 0.5583333333333333 0.0453125 0.06875
2 0.4359375 0.5479166666666667 0.025 0.05416666666666667
10 0.6015625 0.56875 0.0265625 0.035416666666666666
2 0.3421875 0.53125 0.0109375 0.01875
2 0.353125 0.5333333333333333 0.0140625 0.027083333333333334
2 0.3703125 0.5333333333333333 0.009375 0.025
2 0.3859375 0.5375 0.0171875 0.029166666666666667