13 0.7125 0.5015625 0.125 0.0765625
5 0.4125 0.803125 0.81875 0.3921875
5 0.375 0.559375 0.24791666666666667 0.10625
5 0.44583333333333336 0.49375 0.12291666666666666 0.0359375
10 0.26458333333333334 0.515625 0.03333333333333333 0.025
10 0.29375 0.5078125 0.020833333333333332 0.0078125
13 0.18958333333333333 0.5203125 0.052083333333333336 0.05
13 0.12708333333333333 0.51875 0.041666666666666664 0.0359375
13 0.07708333333333334 0.51875 0.0375 0.0359375
15 0.1 0.5125 0.016666666666666666 0.0265625
5 0.0375 0.5171875 0.041666666666666664 0.021875