13 0.9604166666666667 0.4765625 0.07708333333333334 0.0796875
13 0.4791666666666667 0.4890625 0.13541666666666666 0.0984375
13 0.6479166666666667 0.4875 0.15416666666666667 0.0984375
13 0.7291666666666666 0.5015625 0.09375 0.0484375
13 0.54375 0.475 0.0875 0.06875
5 0.13333333333333333 0.5109375 0.2520833333333333 0.103125
0 0.5729166666666666 0.421875 0.13333333333333333 0.0515625
13 0.24791666666666667 0.4546875 0.052083333333333336 0.0390625
5 0.23125 0.490625 0.12083333333333333 0.06875
10 0.007291666666666667 0.453125 0.014583333333333334 0.025
17 0.33958333333333335 0.4859375 0.13958333333333334 0.08125