13 0.9625 0.5555555555555556 0.0703125 0.5055555555555555
13 0.65 0.39444444444444443 0.09375 0.2638888888888889
13 0.5671875 0.3388888888888889 0.0484375 0.14166666666666666
13 0.5265625 0.30833333333333335 0.0296875 0.08333333333333333
13 0.490625 0.31666666666666665 0.0328125 0.09166666666666666
13 0.759375 0.3 0.046875 0.08055555555555556
5 0.81875 0.36944444444444446 0.21875 0.14444444444444443
19 0.7109375 0.30277777777777776 0.0453125 0.075
17 0.5453125 0.3 0.0203125 0.05555555555555555
4 0.4953125 0.26666666666666666 0.0390625 0.06944444444444445
8 0.4046875 0.3138888888888889 0.103125 0.18611111111111112
8 0.43125 0.25555555555555554 0.0828125 0.09722222222222222
13 0.459375 0.33055555555555555 0.0140625 0.12222222222222222
4 0.75 0.21666666666666667 0.1234375 0.09444444444444444
13 0.3046875 0.3138888888888889 0.04375 0.10277777777777777