15 0.778125 0.4638888888888889 0.165625 0.14722222222222223
13 0.3265625 0.43333333333333335 0.0453125 0.08055555555555556
13 0.5171875 0.44722222222222224 0.0421875 0.09722222222222222
8 0.3875 0.39166666666666666 0.009375 0.013888888888888888
8 0.4109375 0.39166666666666666 0.0140625 0.022222222222222223
8 0.4390625 0.3888888888888889 0.0203125 0.019444444444444445
8 0.4515625 0.39166666666666666 0.0109375 0.019444444444444445
8 0.4765625 0.4083333333333333 0.0375 0.07777777777777778
19 0.5171875 0.4305555555555556 0.0484375 0.08888888888888889
15 0.5453125 0.425 0.015625 0.06388888888888888
13 0.4625 0.425 0.0203125 0.06111111111111111
13 0.4015625 0.41388888888888886 0.015625 0.019444444444444445
13 0.428125 0.41388888888888886 0.015625 0.022222222222222223
10 0.446875 0.4361111111111111 0.0140625 0.058333333333333334
13 0.6625 0.4111111111111111 0.0171875 0.027777777777777776
13 0.6890625 0.4166666666666667 0.0171875 0.03888888888888889
13 0.5921875 0.40555555555555556 0.015625 0.022222222222222223