4 0.80625 0.41388888888888886 0.3828125 0.6111111111111112
13 0.3375 0.4583333333333333 0.04375 0.09722222222222222
13 0.44375 0.4583333333333333 0.0265625 0.08611111111111111
8 0.4578125 0.41388888888888886 0.01875 0.022222222222222223
8 0.4265625 0.4111111111111111 0.0109375 0.019444444444444445
15 0.4984375 0.43333333333333335 0.0203125 0.041666666666666664
5 0.546875 0.4361111111111111 0.025 0.030555555555555555
8 0.5515625 0.4083333333333333 0.040625 0.022222222222222223
15 0.5671875 0.4361111111111111 0.021875 0.030555555555555555
15 0.609375 0.42777777777777776 0.025 0.022222222222222223
13 0.5203125 0.4444444444444444 0.034375 0.06111111111111111
8 0.40625 0.4111111111111111 0.0109375 0.013888888888888888
19 0.478125 0.4222222222222222 0.01875 0.022222222222222223
20 0.490625 0.48055555555555557 0.034375 0.05
13 0.459375 0.44166666666666665 0.0140625 0.044444444444444446