4 0.6 0.4222222222222222 0.13125 0.19166666666666668
10 0.7671875 0.5 0.0453125 0.11944444444444445
13 0.465625 0.4777777777777778 0.0375 0.11944444444444445
13 0.4328125 0.43333333333333335 0.0171875 0.027777777777777776
13 0.48125 0.44722222222222224 0.0125 0.06111111111111111
15 0.7171875 0.44722222222222224 0.0625 0.05
5 0.5046875 0.46944444444444444 0.028125 0.03888888888888889
13 0.53125 0.4388888888888889 0.0125 0.05
8 0.440625 0.4083333333333333 0.0109375 0.019444444444444445
8 0.45 0.4111111111111111 0.0109375 0.013888888888888888
8 0.465625 0.4111111111111111 0.0203125 0.016666666666666666
13 0.96875 0.49166666666666664 0.0515625 0.09444444444444444
13 0.3609375 0.45555555555555555 0.0484375 0.09722222222222222
8 0.41875 0.4083333333333333 0.0109375 0.011111111111111112