13 0.621875 0.5972222222222222 0.121875 0.37222222222222223
8 0.7625 0.41944444444444445 0.28125 0.29444444444444445
4 0.5078125 0.41944444444444445 0.0578125 0.1
13 0.98125 0.48055555555555557 0.0328125 0.09444444444444444
13 0.3484375 0.46111111111111114 0.0453125 0.09722222222222222
13 0.471875 0.475 0.0390625 0.11388888888888889
13 0.4578125 0.45555555555555555 0.0265625 0.08055555555555556
14 0.525 0.4527777777777778 0.0203125 0.06111111111111111
10 0.54375 0.4388888888888889 0.0140625 0.044444444444444446
8 0.4171875 0.4111111111111111 0.0109375 0.013888888888888888
8 0.4390625 0.41388888888888886 0.0125 0.019444444444444445
8 0.425 0.41388888888888886 0.009375 0.013888888888888888
13 0.565625 0.43333333333333335 0.0125 0.027777777777777776
13 0.584375 0.42777777777777776 0.0140625 0.025
13 0.4203125 0.4361111111111111 0.0203125 0.027777777777777776
19 0.4046875 0.41388888888888886 0.0125 0.008333333333333333