13 0.3 0.525 0.078125 0.19444444444444445
13 0.571875 0.5555555555555556 0.1671875 0.2222222222222222
5 0.38125 0.5138888888888888 0.084375 0.125
10 0.440625 0.45 0.015625 0.04722222222222222
10 0.2015625 0.48333333333333334 0.028125 0.11388888888888889
13 0.9796875 0.5666666666666667 0.0375 0.1361111111111111
13 0.940625 0.5361111111111111 0.034375 0.11388888888888889
20 0.9015625 0.5805555555555556 0.0921875 0.07777777777777778
13 0.8546875 0.5361111111111111 0.0640625 0.1388888888888889
13 0.740625 0.5055555555555555 0.046875 0.09444444444444444
10 0.4125 0.4361111111111111 0.0109375 0.03888888888888889
13 0.3734375 0.44166666666666665 0.0265625 0.044444444444444446
13 0.4 0.4444444444444444 0.0171875 0.06111111111111111
13 0.3140625 0.42777777777777776 0.03125 0.027777777777777776
13 0.03203125 0.6902777777777778 0.0640625 0.16944444444444445