15 0.353125 0.5888888888888889 0.221875 0.39444444444444443
5 0.6765625 0.5944444444444444 0.315625 0.33055555555555555
19 0.4828125 0.45 0.13125 0.2
9 0.765625 0.48333333333333334 0.21875 0.25277777777777777
4 0.909375 0.44722222222222224 0.1765625 0.36666666666666664
15 0.553125 0.4 0.0421875 0.09166666666666666
4 0.3953125 0.3472222222222222 0.10625 0.17777777777777778
8 0.31875 0.325 0.0546875 0.08888888888888889
17 0.3484375 0.3972222222222222 0.0765625 0.06111111111111111
13 0.284375 0.4305555555555556 0.0609375 0.17222222222222222
4 0.4671875 0.29444444444444445 0.0921875 0.11388888888888889