17 0.453125 0.5833333333333334 0.1609375 0.33055555555555555
7 0.94375 0.41944444444444445 0.1078125 0.12777777777777777
8 0.23125 0.43333333333333335 0.290625 0.24722222222222223
11 0.13671875 0.6291666666666667 0.2734375 0.7305555555555555
11 0.796875 0.36944444444444446 0.13125 0.12777777777777777
4 0.6140625 0.3861111111111111 0.24375 0.475
13 0.43125 0.4027777777777778 0.0453125 0.03888888888888889
8 0.240625 0.2972222222222222 0.0921875 0.03333333333333333
8 0.9625 0.33611111111111114 0.0703125 0.06388888888888888
4 0.390625 0.3888888888888889 0.0765625 0.08888888888888889
13 0.4703125 0.3972222222222222 0.0328125 0.04722222222222222