13 0.69375 0.8720238095238095 0.08125 0.24404761904761904
13 0.7515625 0.6309523809523809 0.05 0.16964285714285715
13 0.7515625 0.8125 0.0546875 0.21428571428571427
13 0.83125 0.5565476190476191 0.1 0.14583333333333334
13 0.7734375 0.49107142857142855 0.0625 0.14285714285714285
13 0.2828125 0.9017857142857143 0.1328125 0.18452380952380953
13 0.175 0.7589285714285714 0.0984375 0.17857142857142858
13 0.4046875 0.625 0.0734375 0.15773809523809523
13 0.465625 0.6458333333333334 0.0765625 0.15178571428571427
10 0.6359375 0.5684523809523809 0.0484375 0.08928571428571429
10 0.7 0.5714285714285714 0.0546875 0.13988095238095238
10 0.9265625 0.5357142857142857 0.0515625 0.10416666666666667
13 0.68125 0.5029761904761905 0.046875 0.11904761904761904
10 0.5765625 0.7738095238095238 0.0984375 0.19047619047619047
19 0.8828125 0.4166666666666667 0.1421875 0.14285714285714285
5 0.596875 0.7053571428571429 0.184375 0.19047619047619047
13 0.440625 0.8184523809523809 0.1359375 0.24404761904761904
5 0.303125 0.8214285714285714 0.253125 0.2619047619047619
5 0.4828125 0.45535714285714285 0.13125 0.10714285714285714
5 0.4203125 0.5565476190476191 0.1453125 0.15773809523809523
9 0.3390625 0.5059523809523809 0.1515625 0.17857142857142858
5 0.59375 0.5089285714285714 0.14375 0.12202380952380952
15 0.5875 0.44642857142857145 0.153125 0.13690476190476192
9 0.659375 0.3869047619047619 0.1140625 0.125
5 0.7578125 0.4226190476190476 0.1359375 0.15178571428571427
9 0.090625 0.5 0.1328125 0.18154761904761904
5 0.1640625 0.4255952380952381 0.0859375 0.08035714285714286
5 0.1609375 0.3392857142857143 0.0609375 0.08333333333333333
5 0.0890625 0.3869047619047619 0.05625 0.08333333333333333
5 0.203125 0.375 0.0609375 0.09226190476190477
17 0.290625 0.6815476190476191 0.1125 0.21428571428571427
17 0.1828125 0.2767857142857143 0.0359375 0.0625
17 0.159375 0.27976190476190477 0.0328125 0.07142857142857142
15 0.275 0.31547619047619047 0.04375 0.05357142857142857