17 0.9203125 0.8888888888888888 0.103125 0.21666666666666667
17 0.9390625 0.7277777777777777 0.075 0.16666666666666666
17 0.9796875 0.65 0.0375 0.15555555555555556
17 0.9625 0.6 0.053125 0.09444444444444444
5 0.6734375 0.9111111111111111 0.134375 0.17222222222222222
11 0.540625 0.8333333333333334 0.128125 0.30277777777777776
4 0.740625 0.6916666666666667 0.1453125 0.2972222222222222
4 0.878125 0.5222222222222223 0.128125 0.275
9 0.6546875 0.6083333333333333 0.08125 0.18333333333333332
4 0.053125 0.7027777777777777 0.10625 0.38333333333333336
4 0.971875 0.46111111111111114 0.053125 0.17777777777777778
5 0.1546875 0.8638888888888889 0.1125 0.175
5 0.2390625 0.8 0.103125 0.15833333333333333
5 0.33125 0.7027777777777777 0.096875 0.1638888888888889
5 0.278125 0.5888888888888889 0.0875 0.11944444444444445
9 0.371875 0.6277777777777778 0.078125 0.17222222222222222
17 0.2890625 0.4722222222222222 0.046875 0.11666666666666667
4 0.215625 0.5027777777777778 0.10625 0.24444444444444444
4 0.4515625 0.5388888888888889 0.1 0.23055555555555557
5 0.3734375 0.5055555555555555 0.0625 0.08611111111111111
5 0.578125 0.45555555555555555 0.0625 0.1
4 0.4640625 0.32222222222222224 0.10625 0.1388888888888889
4 0.4328125 0.35833333333333334 0.075 0.125
4 0.35625 0.4444444444444444 0.0890625 0.17222222222222222
4 0.728125 0.4388888888888889 0.1078125 0.1638888888888889
7 0.69375 0.5111111111111111 0.084375 0.09444444444444444