4 0.703125 0.7916666666666666 0.153125 0.4017857142857143
11 0.94609375 0.8616071428571429 0.1015625 0.25892857142857145
5 0.484375 0.9255952380952381 0.1328125 0.13392857142857142
5 0.3734375 0.9077380952380952 0.1171875 0.16666666666666666
5 0.4625 0.7857142857142857 0.121875 0.18154761904761904
5 0.58125 0.8184523809523809 0.109375 0.20535714285714285
19 0.8375 0.7916666666666666 0.10625 0.25595238095238093
19 0.615625 0.6607142857142857 0.0859375 0.16964285714285715
9 0.528125 0.6547619047619048 0.0890625 0.18154761904761904
5 0.8796875 0.7142857142857143 0.0703125 0.12797619047619047
5 0.846875 0.625 0.0671875 0.09821428571428571
11 0.8828125 0.5476190476190477 0.0765625 0.15178571428571427
5 0.565625 0.5952380952380952 0.0578125 0.10714285714285714
5 0.7421875 0.5863095238095238 0.05625 0.03273809523809524
5 0.815625 0.5714285714285714 0.0546875 0.10119047619047619
5 0.58125 0.5386904761904762 0.0515625 0.08630952380952381
5 0.6453125 0.5714285714285714 0.05625 0.05654761904761905
5 0.7390625 0.5446428571428571 0.05625 0.0625
5 0.765625 0.5208333333333334 0.0640625 0.09523809523809523
5 0.675 0.5357142857142857 0.05625 0.0744047619047619
5 0.6328125 0.5059523809523809 0.05 0.08035714285714286
5 0.59375 0.4732142857142857 0.046875 0.0625
5 0.6921875 0.4851190476190476 0.0515625 0.050595238095238096
5 0.65625 0.44642857142857145 0.053125 0.050595238095238096
5 0.625 0.4226190476190476 0.0421875 0.0625
5 0.70625 0.4523809523809524 0.0421875 0.047619047619047616
17 0.6609375 0.40773809523809523 0.0265625 0.03869047619047619
5 0.75625 0.4642857142857143 0.05 0.050595238095238096
5 0.8171875 0.4851190476190476 0.046875 0.08928571428571429
5 0.6359375 0.375 0.03125 0.03571428571428571
11 0.73125 0.4166666666666667 0.053125 0.06547619047619048
7 0.7859375 0.43154761904761907 0.034375 0.08333333333333333
5 0.6765625 0.37202380952380953 0.028125 0.050595238095238096
5 0.7 0.38392857142857145 0.0265625 0.05654761904761905
4 0.78125 0.25892857142857145 0.096875 0.047619047619047616
11 0.703125 0.30654761904761907 0.0234375 0.03571428571428571
5 0.8046875 0.30357142857142855 0.028125 0.026785714285714284
11 0.66875 0.3005952380952381 0.021875 0.03869047619047619
4 0.6734375 0.25892857142857145 0.040625 0.041666666666666664
5 0.19375 0.7857142857142857 0.1109375 0.16071428571428573
4 0.1265625 0.6071428571428571 0.1875 0.27380952380952384
5 0.2453125 0.6636904761904762 0.071875 0.13690476190476192
5 0.35625 0.6726190476190477 0.071875 0.10714285714285714
5 0.4 0.6011904761904762 0.0875 0.09523809523809523
5 0.2390625 0.5535714285714286 0.0515625 0.08630952380952381
5 0.3484375 0.5773809523809523 0.0359375 0.08035714285714286
5 0.371875 0.5238095238095238 0.059375 0.07738095238095238
5 0.359375 0.47023809523809523 0.0671875 0.07738095238095238
4 0.5375 0.27976190476190477 0.053125 0.047619047619047616
17 0.2390625 0.4880952380952381 0.0421875 0.06845238095238096
17 0.2640625 0.4642857142857143 0.034375 0.06547619047619048
13 0.29375 0.4017857142857143 0.01875 0.026785714285714284
13 0.203125 0.4642857142857143 0.0265625 0.02976190476190476