13 0.27850877192982454 0.8984375 0.23026315789473684 0.1953125
17 0.14035087719298245 0.7578125 0.23903508771929824 0.2296875
13 0.5328947368421053 0.7703125 0.19078947368421054 0.140625
10 0.07675438596491228 0.64375 0.15350877192982457 0.128125
10 0.7390350877192983 0.9 0.14912280701754385 0.190625
10 0.9210526315789473 0.825 0.12938596491228072 0.1984375
10 0.37719298245614036 0.5890625 0.07675438596491228 0.1140625
10 0.46271929824561403 0.6109375 0.08333333333333333 0.11875
10 0.5526315789473685 0.5390625 0.07675438596491228 0.090625
10 0.45394736842105265 0.51875 0.06578947368421052 0.075
10 0.40131578947368424 0.4625 0.04824561403508772 0.065625
10 0.35964912280701755 0.3890625 0.06140350877192982 0.078125
10 0.48026315789473684 0.228125 0.02412280701754386 0.034375
10 0.4649122807017544 0.2140625 0.02850877192982456 0.03125
10 0.4298245614035088 0.259375 0.03728070175438596 0.0375
10 0.38596491228070173 0.2765625 0.02850877192982456 0.034375
10 0.6535087719298246 0.2609375 0.03070175438596491 0.04375
10 0.5109649122807017 0.1765625 0.02412280701754386 0.0171875
10 0.5986842105263158 0.1796875 0.021929824561403508 0.021875
10 0.5877192982456141 0.109375 0.013157894736842105 0.0078125
10 0.5833333333333334 0.1546875 0.010964912280701754 0.01875
10 0.4780701754385965 0.1375 0.013157894736842105 0.0171875
20 0.6995614035087719 0.6890625 0.17324561403508773 0.215625
5 0.8640350877192983 0.58125 0.26535087719298245 0.2109375
5 0.2324561403508772 0.4859375 0.20394736842105263 0.140625
17 0.6622807017543859 0.446875 0.125 0.128125
13 0.6864035087719298 0.5546875 0.1118421052631579 0.08125
17 0.5263157894736842 0.4359375 0.1118421052631579 0.1078125
4 0.9342105263157895 0.434375 0.125 0.20625
5 0.5087719298245614 0.3734375 0.14473684210526316 0.09375
17 0.6710526315789473 0.3734375 0.11842105263157894 0.1015625
13 0.7236842105263158 0.334375 0.07236842105263158 0.0921875
11 0.8552631578947368 0.3375 0.11842105263157894 0.1140625
5 0.7609649122807017 0.284375 0.11403508771929824 0.053125
13 0.6842105263157895 0.2921875 0.06359649122807018 0.0515625
17 0.6162280701754386 0.3046875 0.08114035087719298 0.0765625
13 0.3881578947368421 0.3390625 0.07236842105263158 0.075
13 0.31359649122807015 0.30625 0.06359649122807018 0.084375
9 0.4758771929824561 0.2875 0.10087719298245613 0.08125
5 0.35964912280701755 0.240625 0.1118421052631579 0.0515625
11 0.5921052631578947 0.253125 0.10526315789473684 0.0671875
13 0.41228070175438597 0.2015625 0.039473684210526314 0.05
13 0.4276315789473684 0.190625 0.02850877192982456 0.04375
13 0.5131578947368421 0.20625 0.039473684210526314 0.05
13 0.48026315789473684 0.1796875 0.02631578947368421 0.021875
13 0.4407894736842105 0.1578125 0.03070175438596491 0.01875
13 0.45614035087719296 0.1421875 0.021929824561403508 0.0140625
4 0.6995614035087719 0.1890625 0.16666666666666666 0.125
13 0.5592105263157895 0.1640625 0.03070175438596491 0.0234375
13 0.5701754385964912 0.15 0.015350877192982455 0.0078125
5 0.6162280701754386 0.1578125 0.02850877192982456 0.0296875
5 0.6030701754385965 0.140625 0.03508771929824561 0.021875
13 0.6140350877192983 0.1234375 0.019736842105263157 0.0171875
17 0.5701754385964912 0.1265625 0.02631578947368421 0.01875
5 0.5942982456140351 0.121875 0.021929824561403508 0.01875
4 0.5175438596491229 0.125 0.05263157894736842 0.053125
5 0.5109649122807017 0.1703125 0.043859649122807015 0.028125
5 0.5263157894736842 0.1546875 0.041666666666666664 0.0265625
13 0.40350877192982454 0.146875 0.017543859649122806 0.009375
13 0.4583333333333333 0.13125 0.019736842105263157 0.009375
13 0.46271929824561403 0.1171875 0.017543859649122806 0.0140625
13 0.48903508771929827 0.1171875 0.015350877192982455 0.0140625
13 0.4780701754385965 0.1125 0.013157894736842105 0.009375
13 0.46710526315789475 0.1046875 0.013157894736842105 0.0078125
13 0.45394736842105265 0.1078125 0.015350877192982455 0.009375
7 0.4451754385964912 0.103125 0.02412280701754386 0.015625
13 0.4232456140350877 0.1171875 0.015350877192982455 0.009375
13 0.42543859649122806 0.0984375 0.015350877192982455 0.0109375
13 0.41885964912280704 0.109375 0.013157894736842105 0.00625
13 0.45394736842105265 0.090625 0.010964912280701754 0.00625
13 0.43859649122807015 0.0890625 0.013157894736842105 0.009375
5 0.5657894736842105 0.1140625 0.02631578947368421 0.009375
5 0.5657894736842105 0.10625 0.02631578947368421 0.00625
5 0.5899122807017544 0.103125 0.021929824561403508 0.0140625
5 0.5504385964912281 0.1234375 0.010964912280701754 0.0203125
5 0.581140350877193 0.096875 0.019736842105263157 0.0078125
5 0.5701754385964912 0.0921875 0.015350877192982455 0.009375
4 0.506578947368421 0.09375 0.041666666666666664 0.01875
11 0.5394736842105263 0.0984375 0.02412280701754386 0.0234375
4 0.5482456140350878 0.090625 0.03070175438596491 0.021875
4 0.5372807017543859 0.078125 0.03508771929824561 0.009375
4 0.5131578947368421 0.0765625 0.02850877192982456 0.0109375
4 0.49122807017543857 0.071875 0.021929824561403508 0.0125
4 0.48026315789473684 0.0640625 0.021929824561403508 0.009375
4 0.5 0.0609375 0.015350877192982455 0.0078125
4 0.5635964912280702 0.078125 0.017543859649122806 0.0125
3 0.12280701754385964 0.4359375 0.05921052631578947 0.0578125
3 0.07236842105263158 0.5 0.06359649122807018 0.06875
3 0.15789473684210525 0.3984375 0.046052631578947366 0.059375