4 0.4240506329113924 0.49375 0.17721518987341772 0.1359375
4 0.46044303797468356 0.375 0.12341772151898735 0.0359375
4 0.5142405063291139 0.2671875 0.11392405063291139 0.053125
4 0.620253164556962 0.4640625 0.13291139240506328 0.0765625
4 0.22784810126582278 0.75 0.23575949367088608 0.103125
4 0.5854430379746836 0.6484375 0.22468354430379747 0.06875
4 0.46677215189873417 0.8609375 0.0680379746835443 0.265625
4 0.2199367088607595 0.8984375 0.41139240506329117 0.2
10 0.2958860759493671 0.5125 0.04588607594936709 0.046875
10 0.3259493670886076 0.565625 0.022151898734177215 0.075
4 0.6835443037974683 0.8984375 0.37816455696202533 0.190625
10 0.5822784810126582 0.5609375 0.05063291139240506 0.084375
4 0.6566455696202531 0.3671875 0.12658227848101267 0.034375
4 0.5949367088607594 0.3234375 0.13765822784810128 0.0328125
4 0.5617088607594937 0.3546875 0.04588607594936709 0.084375
4 0.810126582278481 0.259375 0.08702531645569621 0.046875
4 0.805379746835443 0.3234375 0.10759493670886076 0.065625
5 0.8037974683544303 0.671875 0.14715189873417722 0.053125
11 0.40189873417721517 0.64375 0.09177215189873418 0.1265625
7 0.7025316455696202 0.5296875 0.07120253164556962 0.0375
9 0.7104430379746836 0.590625 0.12025316455696203 0.046875
5 0.7753164556962026 0.5890625 0.1060126582278481 0.08125
5 0.8417721518987342 0.55 0.11392405063291139 0.0765625
5 0.8386075949367089 0.740625 0.11708860759493671 0.0765625
5 0.8924050632911392 0.8421875 0.11708860759493671 0.1234375
5 0.9414556962025317 0.95625 0.10759493670886076 0.08125
5 0.7626582278481012 0.403125 0.05221518987341772 0.0515625
5 0.2468354430379747 0.45625 0.0680379746835443 0.0640625
3 0.03322784810126582 0.534375 0.03322784810126582 0.0328125
9 0.9699367088607594 0.7765625 0.05379746835443038 0.1921875
15 0.9493670886075949 0.621875 0.09335443037974683 0.128125
9 0.9541139240506329 0.528125 0.08702531645569621 0.0609375
15 0.8259493670886076 0.4921875 0.09968354430379747 0.0640625
5 0.7579113924050633 0.48125 0.030063291139240507 0.0703125
9 0.9636075949367089 0.4640625 0.0680379746835443 0.0609375
9 0.9541139240506329 0.44375 0.08544303797468354 0.0921875
9 0.9066455696202531 0.3609375 0.06487341772151899 0.0625
5 0.7262658227848101 0.3515625 0.05221518987341772 0.046875
4 0.9651898734177216 0.3546875 0.03322784810126582 0.0859375
11 0.7120253164556962 0.315625 0.05063291139240506 0.0328125
4 0.9003164556962026 0.253125 0.07911392405063292 0.0328125
9 0.9113924050632911 0.284375 0.055379746835443035 0.0265625
5 0.9287974683544303 0.309375 0.04113924050632911 0.021875
11 0.9651898734177216 0.296875 0.03322784810126582 0.0359375
4 0.6028481012658228 0.190625 0.05063291139240506 0.03125
4 0.5680379746835443 0.240625 0.060126582278481014 0.0296875
4 0.6044303797468354 0.234375 0.07436708860759493 0.046875
4 0.6708860759493671 0.240625 0.06487341772151899 0.053125
4 0.634493670886076 0.2953125 0.0981012658227848 0.05
4 0.7974683544303798 0.2046875 0.04588607594936709 0.0140625
11 0.7863924050632911 0.221875 0.03639240506329114 0.0203125
15 0.9462025316455697 0.2140625 0.05221518987341772 0.0296875
9 0.7294303797468354 0.1828125 0.0189873417721519 0.01875
11 0.9825949367088608 0.2109375 0.028481012658227847 0.0421875
4 0.9193037974683544 0.1921875 0.03322784810126582 0.021875
4 0.8876582278481012 0.1890625 0.028481012658227847 0.03125
4 0.6882911392405063 0.16875 0.028481012658227847 0.01875
4 0.6693037974683544 0.1953125 0.030063291139240507 0.03125
5 0.7199367088607594 0.1953125 0.01740506329113924 0.0140625
15 0.7262658227848101 0.2328125 0.03481012658227848 0.0125
4 0.6392405063291139 0.196875 0.030063291139240507 0.0296875
4 0.6329113924050633 0.1765625 0.030063291139240507 0.0125