5 0.26875 0.927570093457944 0.134375 0.1378504672897196
4 0.2453125 0.7476635514018691 0.1359375 0.21261682242990654
4 0.103125 0.7383177570093458 0.1515625 0.25
4 0.02578125 0.8177570093457944 0.0515625 0.22429906542056074
4 0.2 0.5350467289719626 0.0796875 0.0911214953271028
4 0.1828125 0.6074766355140186 0.0953125 0.053738317757009345
4 0.2921875 0.6518691588785047 0.121875 0.17990654205607476
9 0.4390625 0.8785046728971962 0.1140625 0.1822429906542056
9 0.40625 0.7172897196261683 0.09375 0.07009345794392523
5 0.5734375 0.8948598130841121 0.1203125 0.14018691588785046
5 0.5421875 0.8247663551401869 0.0859375 0.1261682242990654
5 0.525 0.7710280373831776 0.078125 0.09813084112149532
9 0.4015625 0.7546728971962616 0.071875 0.08878504672897196
5 0.775 0.7733644859813084 0.0875 0.08411214953271028
5 0.91875 0.9357476635514018 0.15 0.1191588785046729
5 0.8765625 0.735981308411215 0.096875 0.07710280373831775
5 0.9359375 0.7733644859813084 0.0953125 0.07242990654205607
5 0.975 0.8574766355140186 0.0453125 0.15654205607476634
5 0.8265625 0.6658878504672897 0.046875 0.07242990654205607
4 0.9546875 0.5560747663551402 0.0859375 0.1261682242990654
4 0.8640625 0.5210280373831776 0.0984375 0.10747663551401869
4 0.7890625 0.4532710280373832 0.103125 0.10514018691588785
4 0.63125 0.4392523364485981 0.096875 0.09345794392523364
5 0.5015625 0.6705607476635514 0.06875 0.04439252336448598
4 0.346875 0.4392523364485981 0.059375 0.0514018691588785
11 0.5734375 0.4672897196261682 0.075 0.13317757009345793
11 0.6890625 0.5490654205607477 0.0703125 0.09579439252336448
19 0.7546875 0.5070093457943925 0.0578125 0.06542056074766354
9 0.309375 0.5210280373831776 0.0515625 0.04672897196261682
5 0.390625 0.5490654205607477 0.0484375 0.0514018691588785
4 0.259375 0.3925233644859813 0.0515625 0.0630841121495327
4 0.240625 0.5070093457943925 0.0671875 0.1425233644859813
4 0.39375 0.4135514018691589 0.0609375 0.0630841121495327
15 0.475 0.6004672897196262 0.0625 0.08177570093457943
5 0.49375 0.6355140186915887 0.0609375 0.05841121495327103
5 0.44375 0.5373831775700935 0.0453125 0.056074766355140186
5 0.3625 0.3598130841121495 0.01875 0.02336448598130841
5 0.384375 0.3574766355140187 0.01875 0.02336448598130841
4 0.334375 0.4088785046728972 0.0515625 0.0514018691588785
4 0.30625 0.4719626168224299 0.065625 0.0630841121495327
5 0.403125 0.6144859813084113 0.053125 0.02336448598130841
5 0.4078125 0.6401869158878505 0.0703125 0.028037383177570093
5 0.4 0.6658878504672897 0.071875 0.035046728971962614
5 0.9765625 0.8154205607476636 0.04375 0.07710280373831775
11 0.9015625 0.6658878504672897 0.109375 0.15654205607476634
4 0.74375 0.3901869158878505 0.0828125 0.053738317757009345
5 0.59375 0.5514018691588785 0.0453125 0.04205607476635514
5 0.7609375 0.5911214953271028 0.0515625 0.02336448598130841
9 0.7484375 0.5514018691588785 0.0328125 0.056074766355140186
4 0.665625 0.43457943925233644 0.0390625 0.06542056074766354
11 0.521875 0.4462616822429907 0.0328125 0.0630841121495327
4 0.4734375 0.35046728971962615 0.028125 0.03271028037383177
5 0.525 0.4088785046728972 0.025 0.02102803738317757
5 0.5 0.397196261682243 0.01875 0.02336448598130841
4 0.3125 0.36682242990654207 0.0375 0.018691588785046728
4 0.2953125 0.411214953271028 0.015625 0.0397196261682243
4 0.5578125 0.3808411214953271 0.0296875 0.0397196261682243
4 0.525 0.35514018691588783 0.0296875 0.04672897196261682