8 0.625 0.6635514018691588 0.1953125 0.3855140186915888
4 0.7140625 0.4742990654205608 0.1578125 0.24766355140186916
11 0.9234375 0.866822429906542 0.1484375 0.24532710280373832
13 0.90625 0.7102803738317757 0.0765625 0.07710280373831775
5 0.1734375 0.8995327102803738 0.1328125 0.17990654205607476
5 0.0734375 0.9158878504672897 0.0734375 0.11448598130841121
5 0.2078125 0.7453271028037384 0.1421875 0.21962616822429906
5 0.2421875 0.6845794392523364 0.109375 0.1822429906542056
5 0.30625 0.5934579439252337 0.08125 0.14719626168224298
5 0.2921875 0.6214953271028038 0.109375 0.10046728971962617
5 0.33125 0.4742990654205608 0.0953125 0.09345794392523364
5 0.434375 0.6658878504672897 0.0875 0.21962616822429906
5 0.421875 0.6962616822429907 0.103125 0.17757009345794392
5 0.3921875 0.844626168224299 0.11875 0.2967289719626168
5 0.3609375 0.8995327102803738 0.1734375 0.18925233644859812
15 0.71640625 0.9264018691588785 0.1953125 0.13317757009345793
4 0.371875 0.352803738317757 0.0578125 0.24766355140186916
4 0.340625 0.3411214953271028 0.0765625 0.1378504672897196
5 0.509375 0.4392523364485981 0.078125 0.12149532710280374
5 0.5828125 0.40420560747663553 0.0765625 0.10747663551401869
5 0.5578125 0.34345794392523366 0.065625 0.07242990654205607
5 0.4546875 0.308411214953271 0.015625 0.07710280373831775
5 0.415625 0.32710280373831774 0.0265625 0.09813084112149532
15 0.4921875 0.3317757009345794 0.0578125 0.08878504672897196
5 0.4515625 0.23598130841121495 0.03125 0.0630841121495327
4 0.5328125 0.24299065420560748 0.0703125 0.12383177570093458
18 0.615625 0.27102803738317754 0.084375 0.1542056074766355
18 0.7296875 0.3177570093457944 0.090625 0.1588785046728972
9 0.8234375 0.32710280373831774 0.05 0.08644859813084112
4 0.5765625 0.16355140186915887 0.05 0.0630841121495327
5 0.4578125 0.18691588785046728 0.03125 0.035046728971962614
4 0.534375 0.11214953271028037 0.0265625 0.0397196261682243
8 0.6140625 0.14485981308411214 0.0390625 0.04672897196261682
5 0.5421875 0.17289719626168223 0.0109375 0.02336448598130841
9 0.46875 0.17289719626168223 0.025 0.0514018691588785
4 0.5578125 0.07009345794392523 0.0171875 0.037383177570093455
5 0.5 0.14485981308411214 0.028125 0.035046728971962614
9 0.5390625 0.15654205607476634 0.0203125 0.04205607476635514
8 0.5765625 0.11448598130841121 0.040625 0.030373831775700934
9 0.5046875 0.10046728971962617 0.0171875 0.02102803738317757
9 0.4859375 0.1191588785046729 0.0203125 0.018691588785046728
5 0.503125 0.07242990654205607 0.0140625 0.018691588785046728
5 0.5203125 0.07476635514018691 0.0125 0.016355140186915886
4 0.53125 0.0514018691588785 0.0140625 0.014018691588785047
9 0.5390625 0.07476635514018691 0.0125 0.018691588785046728
13 0.6546875 0.22429906542056074 0.0234375 0.04906542056074766
5 0.6484375 0.34345794392523366 0.065625 0.011682242990654205
5 0.6203125 0.37149532710280375 0.0171875 0.056074766355140186