13 0.8387850467289719 0.9296875 0.22429906542056074 0.1375
13 0.4883177570093458 0.9296875 0.2219626168224299 0.1359375
13 0.6962616822429907 0.775 0.4205607476635514 0.1796875
13 0.2383177570093458 0.859375 0.3411214953271028 0.234375
13 0.3644859813084112 0.7859375 0.3294392523364486 0.121875
13 0.43457943925233644 0.684375 0.1191588785046729 0.096875
13 0.6799065420560748 0.590625 0.1985981308411215 0.203125
13 0.4929906542056075 0.6 0.2570093457943925 0.2
13 0.7897196261682243 0.534375 0.06074766355140187 0.1234375
13 0.6682242990654206 0.4859375 0.11682242990654206 0.0640625
13 0.6915887850467289 0.4625 0.10046728971962617 0.0921875
13 0.7266355140186916 0.4328125 0.11214953271028037 0.1046875
13 0.46261682242990654 0.4734375 0.08644859813084112 0.0546875
13 0.2219626168224299 0.5234375 0.13317757009345793 0.1359375
13 0.10981308411214953 0.565625 0.21728971962616822 0.1609375
13 0.25934579439252337 0.4546875 0.09579439252336448 0.0984375
13 0.053738317757009345 0.4921875 0.10747663551401869 0.0953125
13 0.17990654205607476 0.4375 0.09579439252336448 0.096875
13 0.3014018691588785 0.4484375 0.1191588785046729 0.11875
13 0.4088785046728972 0.5 0.09813084112149532 0.16875
13 0.6074766355140186 0.428125 0.09345794392523364 0.115625
13 0.45093457943925236 0.4171875 0.08644859813084112 0.065625
13 0.5257009345794392 0.4046875 0.07476635514018691 0.0875
13 0.7476635514018691 0.390625 0.0794392523364486 0.090625
13 0.4742990654205608 0.346875 0.09345794392523364 0.075
13 0.6214953271028038 0.35625 0.09579439252336448 0.096875
13 0.4672897196261682 0.30625 0.0630841121495327 0.028125
13 0.45560747663551404 0.31875 0.07476635514018691 0.090625
13 0.5771028037383178 0.2921875 0.07476635514018691 0.0640625
13 0.6682242990654206 0.3203125 0.08644859813084112 0.090625
13 0.7429906542056075 0.3234375 0.06542056074766354 0.0546875
13 0.7920560747663551 0.346875 0.07009345794392523 0.0640625
13 0.8364485981308412 0.3203125 0.07710280373831775 0.0890625
13 0.8551401869158879 0.2953125 0.07710280373831775 0.0875
13 0.897196261682243 0.221875 0.06074766355140187 0.0625
13 0.5747663551401869 0.2546875 0.056074766355140186 0.0234375
13 0.6191588785046729 0.25 0.06074766355140187 0.0546875
13 0.647196261682243 0.24375 0.056074766355140186 0.0625
13 0.75 0.2171875 0.04906542056074766 0.06875
13 0.8714953271028038 0.184375 0.04906542056074766 0.05
13 0.927570093457944 0.196875 0.04205607476635514 0.053125
13 0.852803738317757 0.175 0.02570093457943925 0.05
13 0.9018691588785047 0.1625 0.03271028037383177 0.0375
13 0.9299065420560748 0.1546875 0.030373831775700934 0.0125
13 0.9509345794392523 0.1875 0.04205607476635514 0.0515625
13 0.8598130841121495 0.1421875 0.04205607476635514 0.0328125
13 0.969626168224299 0.1609375 0.0397196261682243 0.0453125
13 0.9789719626168224 0.153125 0.030373831775700934 0.0421875
13 0.9532710280373832 0.109375 0.028037383177570093 0.03125
13 0.9766355140186916 0.103125 0.02336448598130841 0.0265625
13 0.9626168224299065 0.0890625 0.016355140186915886 0.0109375
13 0.9392523364485982 0.0953125 0.02102803738317757 0.0109375
13 0.9789719626168224 0.0859375 0.016355140186915886 0.0109375
11 0.7546728971962616 0.1859375 0.08878504672897196 0.0515625
12 0.9158878504672897 0.11875 0.0514018691588785 0.040625
13 0.8341121495327103 0.571875 0.1542056074766355 0.1953125
15 0.927570093457944 0.5 0.1308411214953271 0.159375
5 0.9322429906542056 0.3984375 0.12383177570093458 0.1
5 0.9532710280373832 0.3328125 0.0794392523364486 0.0375
5 0.9649532710280374 0.2921875 0.05841121495327103 0.0484375
5 0.9719626168224299 0.2515625 0.04439252336448598 0.028125
5 0.985981308411215 0.2078125 0.014018691588785047 0.028125
5 0.985981308411215 0.23125 0.016355140186915886 0.015625
10 0.5677570093457944 0.2390625 0.037383177570093455 0.021875