13 0.03515625 0.8028169014084507 0.0703125 0.1784037558685446
13 0.0171875 0.647887323943662 0.034375 0.1056338028169014
13 0.1125 0.6502347417840375 0.0734375 0.09859154929577464
13 0.2 0.6384976525821596 0.0703125 0.09859154929577464
13 0.24375 0.5915492957746479 0.05 0.08215962441314555
13 0.2140625 0.5751173708920188 0.0171875 0.056338028169014086
13 0.703125 0.647887323943662 0.0359375 0.14553990610328638
13 0.75859375 0.9143192488262911 0.0765625 0.1619718309859155
13 0.853125 0.8286384976525821 0.0765625 0.21830985915492956
13 0.7703125 0.7347417840375586 0.0609375 0.13145539906103287
13 0.83125 0.7018779342723005 0.0609375 0.11737089201877934
13 0.7953125 0.6384976525821596 0.040625 0.0892018779342723
13 0.75625 0.6737089201877934 0.05625 0.107981220657277
3 0.7109375 0.8615023474178404 0.034375 0.16901408450704225
12 0.584375 0.6126760563380281 0.0765625 0.19483568075117372
10 0.4359375 0.5868544600938967 0.034375 0.06338028169014084
5 0.4984375 0.6009389671361502 0.0703125 0.107981220657277
5 0.44375 0.6901408450704225 0.0671875 0.1572769953051643
11 0.3328125 0.8145539906103286 0.1796875 0.36384976525821594
4 0.59609375 0.8884976525821596 0.1890625 0.2136150234741784
4 0.628125 0.7852112676056338 0.134375 0.42018779342723006
5 0.7140625 0.5774647887323944 0.05625 0.09154929577464789
5 0.0171875 0.9460093896713615 0.03125 0.08215962441314555
5 0.221875 0.6948356807511737 0.115625 0.11971830985915492
13 0.0125 0.5845070422535211 0.025 0.046948356807511735
13 0.0078125 0.5516431924882629 0.015625 0.028169014084507043
13 0.0140625 0.5211267605633803 0.0234375 0.04929577464788732
13 0.0890625 0.5211267605633803 0.025 0.03051643192488263
13 0.1140625 0.5187793427230047 0.021875 0.03286384976525822
13 0.13125 0.5093896713615024 0.0234375 0.03755868544600939
13 0.09375 0.4835680751173709 0.021875 0.02112676056338028
13 0.1578125 0.4835680751173709 0.0234375 0.018779342723004695
13 0.1796875 0.47183098591549294 0.0203125 0.023474178403755867
13 0.2015625 0.4671361502347418 0.0234375 0.03286384976525822
13 0.2234375 0.4507042253521127 0.021875 0.023474178403755867
13 0.125 0.4788732394366197 0.01875 0.023474178403755867
15 0.2015625 0.5070422535211268 0.0921875 0.046948356807511735
7 0.1140625 0.5774647887323944 0.1265625 0.07511737089201878
7 0.19375 0.5446009389671361 0.10625 0.0892018779342723
17 0.3484375 0.49765258215962443 0.0375 0.06338028169014084
7 0.3734375 0.44835680751173707 0.04375 0.04460093896713615
9 0.371875 0.5446009389671361 0.071875 0.09859154929577464
15 0.2421875 0.48826291079812206 0.0484375 0.06103286384976526
5 0.3203125 0.45774647887323944 0.05 0.046948356807511735
13 0.1953125 0.43661971830985913 0.0171875 0.023474178403755867
13 0.21875 0.431924882629108 0.015625 0.014084507042253521
13 0.2375 0.42488262910798125 0.01875 0.023474178403755867
13 0.2484375 0.44366197183098594 0.0203125 0.023474178403755867
13 0.2890625 0.43661971830985913 0.015625 0.023474178403755867
13 0.271875 0.4295774647887324 0.0109375 0.023474178403755867
13 0.2953125 0.41784037558685444 0.021875 0.028169014084507043
13 0.33125 0.4154929577464789 0.01875 0.03286384976525822
13 0.3484375 0.4107981220657277 0.0125 0.023474178403755867
13 0.321875 0.4084507042253521 0.0171875 0.03755868544600939
13 0.165625 0.460093896713615 0.015625 0.023474178403755867
10 0.3125 0.4131455399061033 0.009375 0.028169014084507043
1 0.428125 0.47417840375586856 0.0546875 0.0539906103286385
10 0.4625 0.43896713615023475 0.015625 0.03990610328638498
13 0.4140625 0.4272300469483568 0.021875 0.03755868544600939
13 0.44375 0.4131455399061033 0.015625 0.03755868544600939
13 0.4734375 0.3967136150234742 0.015625 0.028169014084507043
5 0.3671875 0.4225352112676056 0.0328125 0.018779342723004695
5 0.3953125 0.4154929577464789 0.03125 0.028169014084507043
5 0.421875 0.4014084507042254 0.0265625 0.028169014084507043
5 0.4359375 0.392018779342723 0.021875 0.025821596244131457
5 0.453125 0.38497652582159625 0.0296875 0.028169014084507043
13 0.3921875 0.38967136150234744 0.0125 0.018779342723004695
13 0.40625 0.38497652582159625 0.0125 0.018779342723004695
11 0.4046875 0.3685446009389671 0.015625 0.018779342723004695
13 0.4265625 0.3732394366197183 0.0109375 0.014084507042253521
13 0.471875 0.3568075117370892 0.0109375 0.01643192488262911
13 0.4890625 0.34976525821596244 0.009375 0.01643192488262911
17 0.49375 0.4225352112676056 0.025 0.03286384976525822
5 0.5125 0.3967136150234742 0.034375 0.028169014084507043
5 0.5015625 0.3615023474178404 0.015625 0.018779342723004695
5 0.5546875 0.4295774647887324 0.0296875 0.04225352112676056
5 0.5625 0.4107981220657277 0.021875 0.028169014084507043
4 0.5953125 0.47183098591549294 0.059375 0.13615023474178403
5 0.634375 0.4694835680751174 0.028125 0.05868544600938967
10 0.671875 0.48826291079812206 0.015625 0.056338028169014086
5 0.6546875 0.44366197183098594 0.028125 0.04225352112676056
5 0.625 0.42488262910798125 0.0234375 0.03286384976525822
5 0.6515625 0.42018779342723006 0.021875 0.028169014084507043
5 0.6421875 0.4107981220657277 0.025 0.03286384976525822
13 0.7890625 0.57981220657277 0.0359375 0.07042253521126761
13 0.7828125 0.5352112676056338 0.0375 0.07746478873239436
3 0.975 0.8615023474178404 0.034375 0.11971830985915492
3 0.959375 0.8004694835680751 0.078125 0.0892018779342723
13 0.8578125 0.6126760563380281 0.040625 0.07511737089201878
13 0.846875 0.5774647887323944 0.0375 0.08215962441314555
13 0.90625 0.5821596244131455 0.05 0.08685446009389672
13 0.95625 0.5610328638497653 0.040625 0.07981220657276995
13 0.9890625 0.5516431924882629 0.0171875 0.07746478873239436
13 0.7609375 0.4953051643192488 0.040625 0.06338028169014084
13 0.7328125 0.460093896713615 0.0265625 0.023474178403755867
13 0.803125 0.4765258215962441 0.021875 0.03286384976525822
5 0.8484375 0.5187793427230047 0.109375 0.06103286384976526
12 0.9484375 0.4953051643192488 0.1 0.0892018779342723
13 0.984375 0.45539906103286387 0.021875 0.025821596244131457
17 0.89375 0.4859154929577465 0.015625 0.051643192488262914
17 0.721875 0.5046948356807511 0.05625 0.06572769953051644
13 0.6859375 0.43427230046948356 0.01875 0.03286384976525822
5 0.74375 0.45774647887323944 0.04375 0.04225352112676056
5 0.725 0.43427230046948356 0.028125 0.028169014084507043
5 0.7140625 0.41784037558685444 0.028125 0.025821596244131457
13 0.6890625 0.4154929577464789 0.0140625 0.018779342723004695
13 0.6734375 0.4084507042253521 0.0125 0.03051643192488263
17 0.6453125 0.38497652582159625 0.0125 0.014084507042253521
17 0.63125 0.3873239436619718 0.0125 0.014084507042253521
7 0.6296875 0.3685446009389671 0.015625 0.011737089201877934
4 0.578125 0.3779342723004695 0.025 0.03755868544600939
5 0.63125 0.34507042253521125 0.0109375 0.018779342723004695
7 0.6484375 0.3403755868544601 0.0125 0.018779342723004695
5 0.615625 0.34976525821596244 0.0078125 0.01643192488262911
4 0.64375 0.3215962441314554 0.0125 0.014084507042253521
4 0.6265625 0.3192488262910798 0.0140625 0.014084507042253521
5 0.6703125 0.3568075117370892 0.015625 0.01643192488262911
5 0.6125 0.3826291079812207 0.0171875 0.018779342723004695
5 0.56875 0.33568075117370894 0.0125 0.01643192488262911
5 0.5515625 0.3286384976525822 0.0125 0.014084507042253521
13 0.3796875 0.392018779342723 0.0125 0.025821596244131457
5 0.4609375 0.4272300469483568 0.0375 0.03755868544600939