17 0.9359375 0.8967136150234741 0.1203125 0.19953051643192488
5 0.7109375 0.6314553990610329 0.13125 0.11737089201877934
13 0.425 0.9507042253521126 0.084375 0.09154929577464789
13 0.3234375 0.9154929577464789 0.096875 0.1619718309859155
13 0.2 0.9237089201877934 0.1 0.1431924882629108
13 0.109375 0.8685446009389671 0.109375 0.19718309859154928
13 0.059375 0.7793427230046949 0.11875 0.17136150234741784
13 0.2265625 0.8262910798122066 0.18125 0.20187793427230047
13 0.1625 0.7323943661971831 0.0609375 0.1267605633802817
13 0.05625 0.6314553990610329 0.0671875 0.13380281690140844
13 0.1046875 0.57981220657277 0.046875 0.11267605633802817
13 0.5640625 0.5985915492957746 0.0578125 0.12206572769953052
13 0.4359375 0.3568075117370892 0.0234375 0.046948356807511735
7 0.371875 0.676056338028169 0.11875 0.20422535211267606
7 0.403125 0.6173708920187794 0.078125 0.12910798122065728
7 0.4234375 0.607981220657277 0.084375 0.14788732394366197
7 0.6140625 0.5 0.0734375 0.12206572769953052
7 0.853125 0.460093896713615 0.1015625 0.0892018779342723
11 0.925 0.6267605633802817 0.146875 0.25821596244131456
4 0.6875 0.39436619718309857 0.1078125 0.1056338028169014
13 0.02265625 0.5704225352112676 0.0453125 0.11267605633802817
13 0.078125 0.5305164319248826 0.034375 0.06572769953051644
13 0.1890625 0.7018779342723005 0.0734375 0.18309859154929578
13 0.2609375 0.6150234741784038 0.04375 0.1643192488262911
13 0.16875 0.6103286384976526 0.0515625 0.11502347417840375
13 0.153125 0.6009389671361502 0.05 0.15023474178403756
13 0.190625 0.539906103286385 0.040625 0.09624413145539906
13 0.234375 0.568075117370892 0.034375 0.11032863849765258
13 0.24375 0.5117370892018779 0.0375 0.051643192488262914
13 0.059375 0.5164319248826291 0.0359375 0.08685446009389672
13 0.1515625 0.4953051643192488 0.046875 0.08450704225352113
13 0.1171875 0.47417840375586856 0.034375 0.06572769953051644
13 0.115625 0.42018779342723006 0.0234375 0.03755868544600939
13 0.1671875 0.43896713615023475 0.034375 0.07746478873239436
13 0.146875 0.42018779342723006 0.0296875 0.07042253521126761
13 0.2078125 0.460093896713615 0.0375 0.07981220657276995
13 0.2203125 0.43661971830985913 0.028125 0.07511737089201878
13 0.259375 0.48826291079812206 0.0296875 0.051643192488262914
13 0.2625 0.45774647887323944 0.028125 0.023474178403755867
13 0.278125 0.45774647887323944 0.034375 0.07042253521126761
13 0.2796875 0.4131455399061033 0.0234375 0.03286384976525822
13 0.1921875 0.4014084507042254 0.021875 0.0539906103286385
13 0.19375 0.3685446009389671 0.021875 0.01643192488262911
13 0.3015625 0.38967136150234744 0.0265625 0.05868544600938967
13 0.2890625 0.36384976525821594 0.021875 0.0539906103286385
13 0.278125 0.34976525821596244 0.0203125 0.04929577464788732
13 0.31875 0.284037558685446 0.0125 0.03286384976525822
13 0.2765625 0.3004694835680751 0.0140625 0.03051643192488263
11 0.253125 0.31690140845070425 0.03125 0.046948356807511735
12 0.309375 0.2676056338028169 0.021875 0.03051643192488263
15 0.3453125 0.5469483568075117 0.0703125 0.06338028169014084
5 0.3484375 0.5164319248826291 0.071875 0.04225352112676056
5 0.340625 0.4835680751173709 0.0625 0.07981220657276995
5 0.4 0.42018779342723006 0.046875 0.06572769953051644
5 0.3453125 0.43427230046948356 0.0578125 0.03755868544600939
5 0.3453125 0.4014084507042254 0.04375 0.04225352112676056
5 0.346875 0.3755868544600939 0.0390625 0.03286384976525822
5 0.353125 0.3591549295774648 0.0328125 0.03755868544600939
5 0.3515625 0.3380281690140845 0.0296875 0.02112676056338028
5 0.3515625 0.32629107981220656 0.028125 0.02112676056338028
11 0.3859375 0.3286384976525822 0.0265625 0.04929577464788732
5 0.4015625 0.30985915492957744 0.0125 0.025821596244131457
5 0.3578125 0.3145539906103286 0.0234375 0.01643192488262911
5 0.3578125 0.3028169014084507 0.0203125 0.011737089201877934
5 0.359375 0.2934272300469484 0.0140625 0.004694835680751174
5 0.365625 0.2934272300469484 0.01875 0.018779342723004695
5 0.3890625 0.29107981220657275 0.021875 0.023474178403755867
5 0.3625 0.28169014084507044 0.0171875 0.009389671361502348
5 0.3671875 0.27699530516431925 0.015625 0.011737089201877934
5 0.365625 0.2699530516431925 0.015625 0.011737089201877934
5 0.3671875 0.2652582159624413 0.015625 0.009389671361502348
5 0.3671875 0.25821596244131456 0.0171875 0.014084507042253521
13 0.34375 0.2676056338028169 0.009375 0.025821596244131457
13 0.328125 0.2652582159624413 0.009375 0.023474178403755867
13 0.4125 0.24647887323943662 0.009375 0.023474178403755867
13 0.39375 0.26291079812206575 0.009375 0.023474178403755867
13 0.384375 0.25821596244131456 0.009375 0.018779342723004695
13 0.3546875 0.24413145539906103 0.00625 0.011737089201877934
13 0.4046875 0.24413145539906103 0.00625 0.018779342723004695
7 0.4015625 0.22300469483568075 0.0109375 0.018779342723004695
13 0.35 0.23708920187793428 0.00625 0.014084507042253521
9 0.4203125 0.21830985915492956 0.00625 0.014084507042253521
4 0.43125 0.2300469483568075 0.015625 0.025821596244131457
17 0.4390625 0.23943661971830985 0.0078125 0.009389671361502348
5 0.4375 0.25821596244131456 0.0125 0.01643192488262911
9 0.3421875 0.22769953051643194 0.0109375 0.014084507042253521
13 0.94375 0.4671361502347418 0.05625 0.06338028169014084
13 0.9796875 0.460093896713615 0.034375 0.06338028169014084
13 0.91875 0.43427230046948356 0.021875 0.03286384976525822
13 0.890625 0.43427230046948356 0.034375 0.035211267605633804
5 0.9234375 0.4225352112676056 0.053125 0.03286384976525822
10 0.7953125 0.43661971830985913 0.01875 0.028169014084507043
17 0.8 0.4460093896713615 0.0078125 0.06572769953051644
5 0.7640625 0.43427230046948356 0.04375 0.06103286384976526
5 0.846875 0.40375586854460094 0.05 0.035211267605633804
5 0.809375 0.38497652582159625 0.034375 0.03755868544600939
4 0.7609375 0.38028169014084506 0.0515625 0.08215962441314555
4 0.734375 0.34507042253521125 0.09375 0.056338028169014086
5 0.6296875 0.392018779342723 0.0171875 0.03286384976525822
5 0.5921875 0.37089201877934275 0.0390625 0.04225352112676056
5 0.5765625 0.3427230046948357 0.0265625 0.023474178403755867
5 0.6234375 0.29577464788732394 0.0203125 0.023474178403755867
12 0.6046875 0.3333333333333333 0.03125 0.07042253521126761
4 0.54375 0.29577464788732394 0.0515625 0.06103286384976526
13 0.5828125 0.3004694835680751 0.0125 0.03286384976525822
5 0.64375 0.323943661971831 0.0296875 0.03286384976525822
4 0.509375 0.27230046948356806 0.0234375 0.03755868544600939
5 0.5296875 0.24882629107981222 0.0125 0.018779342723004695
13 0.4265625 0.2934272300469484 0.0125 0.03286384976525822
13 0.29375 0.2793427230046948 0.021875 0.02112676056338028
5 0.809375 0.5610328638497653 0.0796875 0.10328638497652583
5 0.75 0.4788732394366197 0.078125 0.07042253521126761
10 0.6890625 0.47183098591549294 0.0203125 0.03286384976525822