4 0.5390625 0.30625 0.0765625 0.12916666666666668
4 0.7125 0.34791666666666665 0.06875 0.10208333333333333
17 0.040625 0.7104166666666667 0.0734375 0.125
17 0.4078125 0.45208333333333334 0.0765625 0.0875
9 0.040625 0.8625 0.0765625 0.19583333333333333
15 0.1 0.9333333333333333 0.15 0.11875
15 0.2046875 0.8583333333333333 0.2125 0.07291666666666667
15 0.2421875 0.81875 0.2140625 0.10625
5 0.33125 0.6625 0.209375 0.15416666666666667
5 0.3796875 0.5979166666666667 0.146875 0.09583333333333334
9 0.51875 0.7145833333333333 0.1578125 0.18125
15 0.68125 0.5083333333333333 0.0859375 0.11458333333333333
4 0.503125 0.4875 0.096875 0.13958333333333334
9 0.5984375 0.6458333333333334 0.2078125 0.10208333333333333
9 0.584375 0.7291666666666666 0.0625 0.13541666666666666
9 0.8078125 0.5166666666666667 0.0765625 0.11458333333333333
9 0.8328125 0.48125 0.075 0.07916666666666666
17 0.475 0.375 0.0515625 0.04583333333333333
5 0.0453125 0.4583333333333333 0.0859375 0.058333333333333334
15 0.1578125 0.41875 0.153125 0.09375
5 0.7875 0.425 0.0640625 0.07291666666666667
0 0.8703125 0.41875 0.0625 0.0875
15 0.79375 0.3645833333333333 0.065625 0.06875
17 0.8390625 0.33958333333333335 0.0390625 0.06041666666666667
5 0.8859375 0.3729166666666667 0.0734375 0.05625
9 0.90625 0.32916666666666666 0.0625 0.08125
17 0.9375 0.29791666666666666 0.0265625 0.058333333333333334
5 0.9609375 0.28541666666666665 0.0328125 0.04375
17 0.85 0.30625 0.0296875 0.025
17 0.834375 0.2916666666666667 0.0359375 0.029166666666666667
17 0.8375 0.26875 0.0234375 0.014583333333333334
4 0.71875 0.33125 0.0796875 0.13125
4 0.725 0.25833333333333336 0.0515625 0.016666666666666666
4 0.740625 0.24375 0.06875 0.03125
11 0.8875 0.2833333333333333 0.0515625 0.04375
9 0.9234375 0.25 0.03125 0.03333333333333333
11 0.7875 0.3104166666666667 0.040625 0.041666666666666664
4 0.946875 0.18541666666666667 0.103125 0.0375
4 0.8109375 0.17291666666666666 0.1234375 0.05
4 0.9515625 0.16041666666666668 0.090625 0.010416666666666666
4 0.696875 0.19583333333333333 0.090625 0.035416666666666666
4 0.7765625 0.21458333333333332 0.0546875 0.029166666666666667
4 0.7375 0.21666666666666667 0.053125 0.016666666666666666
4 0.7921875 0.23333333333333334 0.034375 0.05416666666666667
15 0.8390625 0.24375 0.028125 0.03125
5 0.878125 0.23958333333333334 0.0296875 0.025
9 0.95 0.19166666666666668 0.025 0.020833333333333332
5 0.9765625 0.24791666666666667 0.0265625 0.022916666666666665
4 0.5890625 0.2833333333333333 0.1578125 0.15208333333333332
10 0.6078125 0.5083333333333333 0.0375 0.05
5 0.246875 0.3958333333333333 0.0515625 0.04791666666666667
5 0.3359375 0.36666666666666664 0.09375 0.04583333333333333
9 0.446875 0.3145833333333333 0.0890625 0.03958333333333333
11 0.3734375 0.33541666666666664 0.1 0.05
11 0.9375 0.23333333333333334 0.0265625 0.029166666666666667
13 0.85 0.22916666666666666 0.0125 0.020833333333333332
5 0.7 0.17291666666666666 0.028125 0.010416666666666666