10 0.01171875 0.9450934579439252 0.0234375 0.06775700934579439
5 0.0984375 0.9579439252336449 0.096875 0.07009345794392523
5 0.5015625 0.8808411214953271 0.0515625 0.07009345794392523
5 0.540625 0.9579439252336449 0.0625 0.07009345794392523
5 0.575 0.852803738317757 0.040625 0.06542056074766354
5 0.628125 0.7242990654205608 0.0109375 0.018691588785046728
5 0.5921875 0.7429906542056075 0.015625 0.02102803738317757
5 0.578125 0.7523364485981309 0.0125 0.02336448598130841
5 0.60625 0.7266355140186916 0.0125 0.016355140186915886
5 0.6140625 0.7149532710280374 0.0109375 0.014018691588785047
5 0.6 0.719626168224299 0.0109375 0.016355140186915886
15 0.5796875 0.7313084112149533 0.0140625 0.016355140186915886
17 0.596875 0.8037383177570093 0.0171875 0.0397196261682243
17 0.61875 0.8341121495327103 0.025 0.04672897196261682
17 0.6 0.7593457943925234 0.0171875 0.02570093457943925
17 0.6265625 0.7546728971962616 0.015625 0.02570093457943925
13 0.784375 0.9672897196261683 0.0328125 0.053738317757009345
13 0.7046875 0.8808411214953271 0.0265625 0.07476635514018691
13 0.721875 0.8574766355140186 0.021875 0.056074766355140186
13 0.7140625 0.8294392523364486 0.015625 0.016355140186915886
5 0.7484375 0.9228971962616822 0.059375 0.08644859813084112
5 0.7125 0.8107476635514018 0.03125 0.04439252336448598
13 0.659375 0.719626168224299 0.009375 0.009345794392523364
13 0.6578125 0.7336448598130841 0.009375 0.016355140186915886
9 0.684375 0.7126168224299065 0.01875 0.018691588785046728
5 0.6328125 0.6939252336448598 0.00625 0.007009345794392523
4 0.621875 0.6892523364485982 0.009375 0.02102803738317757
4 0.6484375 0.7032710280373832 0.009375 0.018691588785046728
17 0.5875 0.719626168224299 0.009375 0.014018691588785047
17 0.5984375 0.7009345794392523 0.0078125 0.011682242990654205
5 0.6078125 0.7079439252336449 0.009375 0.009345794392523364
4 0.5609375 0.7757009345794392 0.0390625 0.07009345794392523