17 0.0859375 0.397196261682243 0.0359375 0.06074766355140187
13 0.0765625 0.34345794392523366 0.0296875 0.037383177570093455
13 0.04375 0.3177570093457944 0.0328125 0.04906542056074766
13 0.1046875 0.20327102803738317 0.0296875 0.04672897196261682
13 0.1171875 0.18457943925233644 0.0296875 0.04672897196261682
5 0.078125 0.9789719626168224 0.059375 0.02570093457943925
10 0.040625 0.6962616822429907 0.05 0.04439252336448598
15 0.1078125 0.12149532710280374 0.05 0.053738317757009345
4 0.01484375 0.015186915887850467 0.0296875 0.030373831775700934
4 0.05546875 0.015186915887850467 0.0453125 0.030373831775700934
4 0.12109375 0.036214953271028034 0.0890625 0.07242990654205607
4 0.171875 0.11448598130841121 0.0921875 0.09579439252336448
4 0.1875 0.08878504672897196 0.078125 0.0911214953271028
4 0.26875 0.1261682242990654 0.096875 0.13551401869158877
4 0.3859375 0.1939252336448598 0.1296875 0.1191588785046729
10 0.371875 0.24766355140186916 0.0234375 0.03271028037383177
11 0.3328125 0.22429906542056074 0.059375 0.056074766355140186
11 0.253125 0.205607476635514 0.0734375 0.06542056074766354
11 0.19375 0.18457943925233644 0.053125 0.06074766355140187
17 0.4625 0.17990654205607476 0.0296875 0.028037383177570093
13 0.471875 0.20794392523364486 0.0359375 0.037383177570093455
18 0.525 0.18691588785046728 0.065625 0.04439252336448598
17 0.634375 0.23598130841121495 0.0296875 0.04906542056074766
4 0.6234375 0.18925233644859812 0.1046875 0.09579439252336448
13 0.696875 0.0794392523364486 0.015625 0.03271028037383177
17 0.7359375 0.10046728971962617 0.021875 0.035046728971962614
4 0.7546875 0.0514018691588785 0.053125 0.0794392523364486
5 0.7609375 0.014018691588785047 0.0234375 0.02336448598130841
4 0.5453125 0.2546728971962617 0.125 0.0794392523364486
13 0.571875 0.3037383177570093 0.034375 0.04439252336448598
5 0.4390625 0.3177570093457944 0.0515625 0.035046728971962614
13 0.4203125 0.352803738317757 0.0375 0.035046728971962614
13 0.4640625 0.35046728971962615 0.0421875 0.04439252336448598
13 0.453125 0.40186915887850466 0.034375 0.056074766355140186
13 0.409375 0.39485981308411217 0.021875 0.037383177570093455
13 0.3890625 0.397196261682243 0.0203125 0.04439252336448598
13 0.38125 0.4322429906542056 0.025 0.05841121495327103
13 0.409375 0.42990654205607476 0.0234375 0.04439252336448598
10 0.153125 0.5981308411214953 0.0453125 0.04672897196261682
10 0.203125 0.5771028037383178 0.0203125 0.06074766355140187
10 0.2546875 0.8037383177570093 0.0421875 0.0514018691588785
10 0.35 0.8060747663551402 0.04375 0.04205607476635514
13 0.2125 0.780373831775701 0.05 0.09813084112149532
3 0.2296875 0.7079439252336449 0.0234375 0.05841121495327103
5 0.1328125 0.3574766355140187 0.0484375 0.07242990654205607
13 0.175 0.338785046728972 0.040625 0.04906542056074766
10 0.215625 0.3247663551401869 0.01875 0.037383177570093455
10 0.15 0.4135514018691589 0.0265625 0.037383177570093455
5 0.3015625 0.26635514018691586 0.0609375 0.06074766355140187
4 0.3171875 0.4672897196261682 0.1265625 0.18457943925233644
13 0.41875 0.47897196261682246 0.03125 0.05841121495327103
10 0.446875 0.47897196261682246 0.0203125 0.0397196261682243
17 0.4875 0.45093457943925236 0.04375 0.06775700934579439
13 0.478125 0.5186915887850467 0.0421875 0.0630841121495327
10 0.50625 0.3247663551401869 0.03125 0.04205607476635514
15 0.528125 0.43457943925233644 0.075 0.08644859813084112
5 0.4484375 0.5841121495327103 0.0796875 0.09579439252336448
15 0.3703125 0.6495327102803738 0.0703125 0.10747663551401869
13 0.4640625 0.6635514018691588 0.0453125 0.07242990654205607
5 0.3046875 0.7242990654205608 0.0609375 0.1425233644859813
13 0.3015625 0.8411214953271028 0.0625 0.0630841121495327
13 0.3390625 0.8808411214953271 0.0421875 0.08878504672897196
13 0.3828125 0.8644859813084113 0.0484375 0.0794392523364486
13 0.3609375 0.9626168224299065 0.0640625 0.05841121495327103
13 0.4234375 0.9182242990654206 0.05 0.08644859813084112
13 0.453125 0.8177570093457944 0.0546875 0.08644859813084112
13 0.5140625 0.8621495327102804 0.059375 0.07710280373831775
13 0.4734375 0.9626168224299065 0.059375 0.06074766355140187
13 0.5875 0.9158878504672897 0.0578125 0.08644859813084112
13 0.6203125 0.969626168224299 0.0609375 0.04672897196261682
4 0.6015625 0.8387850467289719 0.2 0.2780373831775701
17 0.5765625 0.7126168224299065 0.053125 0.06775700934579439
5 0.5953125 0.6612149532710281 0.0875 0.10046728971962617
5 0.534375 0.5280373831775701 0.0796875 0.0911214953271028
13 0.5234375 0.5677570093457944 0.0484375 0.06542056074766354
10 0.5390625 0.633177570093458 0.025 0.05841121495327103
17 0.60625 0.5817757009345794 0.0484375 0.07710280373831775
11 0.6171875 0.5350467289719626 0.0984375 0.12383177570093458
4 0.825 0.866822429906542 0.253125 0.2523364485981308
13 0.6921875 0.677570093457944 0.0484375 0.06074766355140187
5 0.8140625 0.7102803738317757 0.0921875 0.10981308411214953
5 0.8453125 0.677570093457944 0.0984375 0.1191588785046729
13 0.8828125 0.8014018691588785 0.0515625 0.07710280373831775
4 0.7734375 0.3177570093457944 0.0984375 0.15654205607476634
4 0.8625 0.17990654205607476 0.075 0.14953271028037382
4 0.7453125 0.18457943925233644 0.0671875 0.13551401869158877
4 0.6765625 0.2780373831775701 0.096875 0.15654205607476634
11 0.721875 0.32242990654205606 0.05625 0.08644859813084112
4 0.8015625 0.19626168224299065 0.0671875 0.10514018691588785
4 0.9171875 0.102803738317757 0.046875 0.102803738317757
4 0.8171875 0.06775700934579439 0.0609375 0.09813084112149532
4 0.8890625 0.037383177570093455 0.05 0.07476635514018691