4 0.0890625 0.7488262910798122 0.178125 0.45539906103286387
5 0.49375 0.9483568075117371 0.15625 0.0892018779342723
5 0.290625 0.8732394366197183 0.1390625 0.19014084507042253
5 0.4796875 0.7981220657276995 0.121875 0.1619718309859155
5 0.2 0.6619718309859155 0.0578125 0.1431924882629108
5 0.4953125 0.6713615023474179 0.1015625 0.12441314553990611
11 0.275 0.704225352112676 0.1 0.17136150234741784
11 0.3046875 0.6431924882629108 0.096875 0.12910798122065728
11 0.1984375 0.5539906103286385 0.0734375 0.11267605633802817
5 0.3734375 0.5892018779342723 0.0828125 0.09859154929577464
17 0.4796875 0.5751173708920188 0.0671875 0.08685446009389672
4 0.346875 0.4671361502347418 0.1046875 0.1619718309859155
9 0.484375 0.5375586854460094 0.078125 0.11502347417840375
5 0.471875 0.5093896713615024 0.0671875 0.08450704225352113
11 0.2359375 0.4788732394366197 0.0703125 0.09624413145539906
5 0.471875 0.45774647887323944 0.0609375 0.03286384976525822
11 0.2546875 0.431924882629108 0.0625 0.08450704225352113
17 0.2140625 0.4014084507042254 0.028125 0.08215962441314555
5 0.209375 0.31690140845070425 0.034375 0.04460093896713615
4 0.2828125 0.37089201877934275 0.1078125 0.1572769953051643
19 0.3765625 0.38028169014084506 0.0671875 0.11502347417840375
5 0.45625 0.44366197183098594 0.05625 0.06572769953051644
15 0.4609375 0.40375586854460094 0.0625 0.06338028169014084
4 0.365625 0.31220657276995306 0.0640625 0.03990610328638498
5 0.4578125 0.3591549295774648 0.0484375 0.025821596244131457
4 0.296875 0.2793427230046948 0.065625 0.028169014084507043
11 0.453125 0.2676056338028169 0.05 0.06807511737089202
4 0.375 0.19483568075117372 0.0375 0.04929577464788732
4 0.409375 0.18779342723004694 0.034375 0.03990610328638498
9 0.38125 0.23943661971830985 0.028125 0.02112676056338028
4 0.340625 0.22535211267605634 0.040625 0.03990610328638498
11 0.859375 0.9284037558685446 0.1875 0.12910798122065728
9 0.803125 0.7769953051643192 0.1453125 0.20657276995305165
5 0.9078125 0.7746478873239436 0.1390625 0.19248826291079812
5 0.965625 0.744131455399061 0.0640625 0.1596244131455399
5 0.7265625 0.6924882629107981 0.1046875 0.14553990610328638
11 0.834375 0.6338028169014085 0.1296875 0.11032863849765258
5 0.93125 0.6408450704225352 0.10625 0.09859154929577464
5 0.96875 0.5610328638497653 0.059375 0.11502347417840375
5 0.6796875 0.5915492957746479 0.0890625 0.08215962441314555
15 0.784375 0.5539906103286385 0.090625 0.11032863849765258
5 0.890625 0.57981220657277 0.0890625 0.06807511737089202
9 0.6578125 0.5211267605633803 0.0921875 0.11267605633802817
5 0.7328125 0.5258215962441315 0.0671875 0.09389671361502347
5 0.8546875 0.539906103286385 0.084375 0.07276995305164319
5 0.8609375 0.5023474178403756 0.084375 0.07746478873239436
9 0.715625 0.45774647887323944 0.071875 0.07511737089201878
15 0.81875 0.45305164319248825 0.0734375 0.07276995305164319
15 0.6953125 0.4131455399061033 0.05 0.07981220657276995
9 0.7953125 0.42488262910798125 0.059375 0.09154929577464789
5 0.7546875 0.39906103286384975 0.034375 0.07042253521126761
19 0.6171875 0.4295774647887324 0.04375 0.06572769953051644
5 0.628125 0.47417840375586856 0.05625 0.04225352112676056
5 0.5859375 0.4014084507042254 0.04375 0.056338028169014086
5 0.6578125 0.4061032863849765 0.034375 0.06338028169014084
4 0.65625 0.3380281690140845 0.078125 0.11502347417840375
4 0.571875 0.3215962441314554 0.0703125 0.09389671361502347
4 0.5671875 0.20657276995305165 0.0375 0.06572769953051644