15 0.5703125 0.8727810650887574 0.1328125 0.24260355029585798
15 0.6890625 0.8106508875739645 0.1625 0.3698224852071006
5 0.7890625 0.834319526627219 0.15625 0.3136094674556213
17 0.5296875 0.6923076923076923 0.0765625 0.13313609467455623
5 0.6125 0.6124260355029586 0.0890625 0.1834319526627219
5 0.5265625 0.5946745562130178 0.0796875 0.15384615384615385
17 0.66875 0.5591715976331361 0.0625 0.15088757396449703
17 0.496875 0.4881656804733728 0.0421875 0.09467455621301775
5 0.578125 0.4940828402366864 0.071875 0.13313609467455623
17 0.6359375 0.47633136094674555 0.0453125 0.09763313609467456
11 0.503125 0.40828402366863903 0.0515625 0.15680473372781065
17 0.546875 0.3727810650887574 0.03125 0.07396449704142012
17 0.609375 0.41420118343195267 0.046875 0.0650887573964497
5 0.603125 0.3727810650887574 0.0484375 0.05917159763313609
5 0.5734375 0.32840236686390534 0.0421875 0.06804733727810651
5 0.5296875 0.32840236686390534 0.034375 0.05325443786982249
17 0.6109375 0.3254437869822485 0.0265625 0.0621301775147929
17 0.6046875 0.2988165680473373 0.025 0.05029585798816568
5 0.5140625 0.3047337278106509 0.03125 0.047337278106508875
5 0.515625 0.27218934911242604 0.028125 0.038461538461538464
4 0.565625 0.23964497041420119 0.046875 0.10355029585798817
19 0.51875 0.22485207100591717 0.0234375 0.038461538461538464
4 0.525 0.12130177514792899 0.021875 0.05325443786982249
14 0.709375 0.5769230769230769 0.0171875 0.08875739644970414
10 0.671875 0.47041420118343197 0.0296875 0.038461538461538464
10 0.753125 0.6479289940828402 0.0421875 0.0621301775147929
10 0.8671875 0.8284023668639053 0.0609375 0.1301775147928994
10 0.8171875 0.7396449704142012 0.0375 0.10355029585798817
10 0.7890625 0.6420118343195266 0.025 0.04142011834319527
10 0.7109375 0.4881656804733728 0.0171875 0.0621301775147929
10 0.7421875 0.5976331360946746 0.0203125 0.05029585798816568
10 0.1390625 0.4378698224852071 0.0234375 0.05917159763313609