9 0.2644628099173554 0.7984375 0.2334710743801653 0.1375
13 0.07851239669421488 0.7140625 0.1012396694214876 0.059375
13 0.06611570247933884 0.771875 0.08677685950413223 0.0734375
5 0.22107438016528927 0.640625 0.10537190082644628 0.0484375
10 0.3367768595041322 0.709375 0.05785123966942149 0.0328125
13 0.4132231404958678 0.6390625 0.05371900826446281 0.046875
13 0.2830578512396694 0.646875 0.049586776859504134 0.0453125
9 0.3347107438016529 0.590625 0.11983471074380166 0.0359375
11 0.26859504132231404 0.60625 0.14049586776859505 0.040625
9 0.5495867768595041 0.6171875 0.08264462809917356 0.0484375
13 0.4462809917355372 0.5921875 0.030991735537190084 0.034375
13 0.48140495867768596 0.5875 0.028925619834710745 0.034375
5 0.4462809917355372 0.5625 0.08057851239669421 0.021875
10 0.13016528925619836 0.6296875 0.03925619834710744 0.0265625
5 0.6384297520661157 0.5765625 0.049586776859504134 0.028125
5 0.5971074380165289 0.5640625 0.049586776859504134 0.0234375
5 0.6694214876033058 0.5484375 0.0371900826446281 0.0203125
13 0.6446280991735537 0.5265625 0.014462809917355372 0.01875
10 0.768595041322314 0.5171875 0.006198347107438017 0.0109375
5 0.8016528925619835 0.50625 0.01652892561983471 0.009375
5 0.7747933884297521 0.5046875 0.01652892561983471 0.009375
9 0.9194214876033058 0.540625 0.07024793388429752 0.0140625
9 0.9586776859504132 0.5609375 0.07644628099173553 0.015625
4 0.8161157024793388 0.59375 0.07644628099173553 0.084375
10 0.7933884297520661 0.8359375 0.03925619834710744 0.0703125
13 0.8305785123966942 0.5390625 0.01652892561983471 0.01875
3 0.8057851239669421 0.5453125 0.006198347107438017 0.009375
5 0.8946280991735537 0.5703125 0.047520661157024795 0.0265625
17 0.871900826446281 0.590625 0.030991735537190084 0.0375