4 0.1828125 0.8738317757009346 0.1390625 0.2102803738317757
4 0.359375 0.8411214953271028 0.1171875 0.19158878504672897
17 0.378125 0.9579439252336449 0.06875 0.05841121495327103
17 0.4171875 0.9322429906542056 0.065625 0.11214953271028037
17 0.4703125 0.8598130841121495 0.05 0.10514018691588785
15 0.540625 0.8411214953271028 0.0703125 0.11214953271028037
4 0.3078125 0.764018691588785 0.0859375 0.15186915887850466
4 0.5140625 0.6939252336448598 0.059375 0.12149532710280374
1 0.440625 0.7967289719626168 0.053125 0.1191588785046729
5 0.5234375 0.7686915887850467 0.0515625 0.06542056074766354
4 0.4078125 0.7009345794392523 0.0734375 0.07476635514018691
5 0.4578125 0.705607476635514 0.028125 0.04906542056074766
5 0.4640625 0.677570093457944 0.0328125 0.0397196261682243
4 0.315625 0.6962616822429907 0.1078125 0.08878504672897196
4 0.3390625 0.6495327102803738 0.075 0.030373831775700934
4 0.340625 0.633177570093458 0.0515625 0.02102803738317757
4 0.365625 0.633177570093458 0.0453125 0.056074766355140186
4 0.4 0.5981308411214953 0.0421875 0.04672897196261682
4 0.421875 0.6051401869158879 0.0390625 0.035046728971962614
5 0.4671875 0.6565420560747663 0.03125 0.018691588785046728
18 0.465625 0.6261682242990654 0.034375 0.04906542056074766
5 0.9734375 0.9158878504672897 0.05 0.06775700934579439
5 0.9046875 0.955607476635514 0.0984375 0.07710280373831775
5 0.809375 0.9719626168224299 0.10625 0.04439252336448598
5 0.846875 0.8714953271028038 0.0859375 0.0911214953271028
9 0.7765625 0.9088785046728972 0.103125 0.1588785046728972
19 0.9046875 0.822429906542056 0.0953125 0.14485981308411214
15 0.7703125 0.7873831775700935 0.084375 0.0911214953271028
15 0.8265625 0.7780373831775701 0.0703125 0.102803738317757
5 0.7859375 0.7032710280373832 0.0390625 0.04672897196261682
17 0.84375 0.7383177570093458 0.0359375 0.04205607476635514
5 0.8484375 0.7336448598130841 0.0609375 0.0397196261682243
15 0.75 0.7383177570093458 0.0625 0.07476635514018691
5 0.7140625 0.8644859813084113 0.071875 0.11214953271028037
5 0.690625 0.8177570093457944 0.0734375 0.08177570093457943
5 0.659375 0.7686915887850467 0.0578125 0.07476635514018691
9 0.6453125 0.7219626168224299 0.0546875 0.07242990654205607
17 0.7484375 0.6892523364485982 0.03125 0.028037383177570093
17 0.715625 0.6822429906542056 0.021875 0.053738317757009345
9 0.665625 0.6799065420560748 0.0421875 0.0630841121495327
5 0.6140625 0.7126168224299065 0.028125 0.05841121495327103
5 0.609375 0.6915887850467289 0.0375 0.04672897196261682
5 0.5796875 0.6518691588785047 0.01875 0.0397196261682243
5 0.640625 0.6308411214953271 0.03125 0.030373831775700934
17 0.6015625 0.5887850467289719 0.0140625 0.02570093457943925
5 0.625 0.6144859813084113 0.025 0.02570093457943925
15 0.56875 0.6191588785046729 0.0234375 0.03271028037383177
9 0.565625 0.5887850467289719 0.0203125 0.02570093457943925
4 0.6328125 0.5864485981308412 0.0234375 0.04906542056074766
17 0.6078125 0.5817757009345794 0.0125 0.02336448598130841
4 0.66875 0.5911214953271028 0.03125 0.056074766355140186
4 0.70625 0.6261682242990654 0.0484375 0.07009345794392523
4 0.6890625 0.6098130841121495 0.0390625 0.06074766355140187
4 0.4203125 0.572429906542056 0.03125 0.018691588785046728
4 0.4828125 0.5514018691588785 0.01875 0.018691588785046728
4 0.453125 0.5467289719626168 0.025 0.04906542056074766
9 0.521875 0.5864485981308412 0.021875 0.018691588785046728
5 0.490625 0.6261682242990654 0.0125 0.030373831775700934
1 0.5125 0.616822429906542 0.028125 0.035046728971962614
17 0.40625 0.6261682242990654 0.021875 0.007009345794392523
17 0.403125 0.6495327102803738 0.025 0.014018691588785047
17 0.4390625 0.6542056074766355 0.0203125 0.018691588785046728
4 0.5125 0.5233644859813084 0.0125 0.018691588785046728
19 0.59375 0.5514018691588785 0.015625 0.018691588785046728
19 0.56875 0.5467289719626168 0.0109375 0.02102803738317757
5 0.575 0.5771028037383178 0.0140625 0.018691588785046728
9 0.590625 0.5747663551401869 0.0109375 0.018691588785046728
17 0.6015625 0.5911214953271028 0.0125 0.02570093457943925
17 0.6078125 0.5841121495327103 0.0125 0.02336448598130841
4 0.5859375 0.5420560747663551 0.01875 0.028037383177570093
4 0.565625 0.5257009345794392 0.015625 0.02102803738317757
4 0.48125 0.514018691588785 0.0140625 0.011682242990654205
5 0.453125 0.5817757009345794 0.0125 0.007009345794392523
4 0.459375 0.5116822429906542 0.0203125 0.011682242990654205
9 0.4859375 0.6004672897196262 0.01875 0.011682242990654205
15 0.50625 0.572429906542056 0.0203125 0.011682242990654205
18 0.5546875 0.5046728971962616 0.0078125 0.014018691588785047