4 0.8578125 0.8979591836734694 0.2203125 0.19387755102040816
4 0.675 0.6428571428571429 0.090625 0.2755102040816326
4 0.2453125 0.5 0.0421875 0.061224489795918366
4 0.29375 0.46598639455782315 0.0359375 0.05442176870748299
4 0.5609375 0.5272108843537415 0.0296875 0.09183673469387756
4 0.5703125 0.4557823129251701 0.01875 0.047619047619047616
4 0.5484375 0.445578231292517 0.0125 0.034013605442176874
4 0.528125 0.41836734693877553 0.0125 0.017006802721088437
11 0.3546875 0.5068027210884354 0.01875 0.04421768707482993
5 0.35625 0.5578231292517006 0.0234375 0.04081632653061224
17 0.303125 0.5306122448979592 0.015625 0.03741496598639456
5 0.29375 0.5170068027210885 0.015625 0.030612244897959183
11 0.275 0.4931972789115646 0.01875 0.04081632653061224
11 0.334375 0.5204081632653061 0.01875 0.05782312925170068
19 0.5421875 0.8129251700680272 0.0609375 0.19727891156462585
17 0.6109375 0.8367346938775511 0.0484375 0.1598639455782313
3 0.6546875 0.8469387755102041 0.021875 0.08503401360544217
5 0.79375 0.7006802721088435 0.1078125 0.08843537414965986
10 0.8421875 0.6530612244897959 0.0203125 0.04421768707482993
13 0.7515625 0.564625850340136 0.0171875 0.03741496598639456
13 0.8171875 0.6394557823129252 0.028125 0.06462585034013606
10 0.621875 0.7585034013605442 0.021875 0.030612244897959183
5 0.4578125 0.7721088435374149 0.046875 0.11224489795918367
11 0.4734375 0.6870748299319728 0.0375 0.08163265306122448
17 0.5234375 0.6938775510204082 0.028125 0.06802721088435375
9 0.571875 0.6666666666666666 0.040625 0.1054421768707483
5 0.5203125 0.6258503401360545 0.0296875 0.06802721088435375
5 0.4703125 0.6258503401360545 0.0296875 0.047619047619047616
17 0.621875 0.608843537414966 0.021875 0.06462585034013606
5 0.615625 0.5782312925170068 0.0296875 0.04421768707482993
10 0.5765625 0.5850340136054422 0.0125 0.04081632653061224
14 0.596875 0.5204081632653061 0.0078125 0.027210884353741496
11 0.5140625 0.54421768707483 0.025 0.07482993197278912
11 0.46875 0.5510204081632653 0.0203125 0.05102040816326531
10 0.48125 0.5408163265306123 0.0078125 0.027210884353741496
10 0.5375 0.4897959183673469 0.00625 0.023809523809523808
11 0.50625 0.48639455782312924 0.0203125 0.04421768707482993
5 0.4484375 0.4897959183673469 0.0171875 0.027210884353741496
5 0.4265625 0.47619047619047616 0.015625 0.030612244897959183
11 0.45 0.4523809523809524 0.0171875 0.03741496598639456
15 0.2515625 0.8435374149659864 0.084375 0.14625850340136054
11 0.315625 0.6700680272108843 0.04375 0.11224489795918367
11 0.225 0.6632653061224489 0.0421875 0.11224489795918367
5 0.01484375 0.6887755102040817 0.0296875 0.07142857142857142
5 0.121875 0.5850340136054422 0.0390625 0.047619047619047616
17 0.153125 0.5578231292517006 0.01875 0.04421768707482993
5 0.315625 0.5068027210884354 0.015625 0.023809523809523808
5 0.3875 0.45918367346938777 0.0234375 0.017006802721088437
13 0.9546875 0.7619047619047619 0.0390625 0.1054421768707483
13 0.9203125 0.7312925170068028 0.034375 0.1054421768707483
10 0.721875 0.7074829931972789 0.0140625 0.05442176870748299