17 0.7476415094339622 0.790625 0.1650943396226415 0.1875
17 0.6580188679245284 0.60625 0.08254716981132075 0.0875
17 0.4386792452830189 0.6 0.08254716981132075 0.0734375
17 0.24528301886792453 0.9015625 0.22169811320754718 0.19375
5 0.3632075471698113 0.696875 0.17688679245283018 0.134375
4 0.6108490566037735 0.5078125 0.1179245283018868 0.10625
5 0.11438679245283019 0.82578125 0.22877358490566038 0.2328125
9 0.2240566037735849 0.6171875 0.14386792452830188 0.115625
9 0.5330188679245284 0.6171875 0.12264150943396226 0.128125
19 0.4834905660377358 0.81875 0.24056603773584906 0.3125
5 0.3608490566037736 0.5875 0.10613207547169812 0.075
11 0.4811320754716981 0.5015625 0.07783018867924528 0.0703125
5 0.37735849056603776 0.528125 0.08962264150943396 0.053125
5 0.05306603773584906 0.60703125 0.10613207547169812 0.0734375
10 0.01650943396226415 0.55 0.0330188679245283 0.0453125
17 0.03773584905660377 0.5015625 0.05188679245283019 0.034375
5 0.17452830188679244 0.5140625 0.05660377358490566 0.034375
9 0.25 0.4875 0.049528301886792456 0.0390625
17 0.5400943396226415 0.490625 0.0330188679245283 0.0421875
4 0.47877358490566035 0.4375 0.03773584905660377 0.0359375
5 0.37028301886792453 0.478125 0.04716981132075472 0.03125
10 0.20047169811320756 0.475 0.025943396226415096 0.0265625