4 0.3921875 0.5805555555555556 0.1203125 0.25277777777777777
9 0.378125 0.8722222222222222 0.11875 0.2388888888888889
5 0.05390625 0.8166666666666667 0.1078125 0.17222222222222222
4 0.3296875 0.5222222222222223 0.128125 0.26666666666666666
4 0.4453125 0.30277777777777776 0.0546875 0.075
4 0.4375 0.3861111111111111 0.0625 0.09166666666666666
13 0.1515625 0.9361111111111111 0.0765625 0.11388888888888889
13 0.1671875 0.8722222222222222 0.075 0.13333333333333333
13 0.2296875 0.8722222222222222 0.0640625 0.17777777777777778
13 0.1671875 0.6861111111111111 0.0484375 0.07777777777777778
13 0.178125 0.6305555555555555 0.0421875 0.06944444444444445
19 0.721875 0.8944444444444445 0.1171875 0.19166666666666668
15 0.653125 0.825 0.11875 0.24444444444444444
5 0.2546875 0.65 0.075 0.08611111111111111
8 0.5859375 0.4777777777777778 0.090625 0.17777777777777778
5 0.925 0.7583333333333333 0.1109375 0.11944444444444445
5 0.175 0.5111111111111111 0.0578125 0.05555555555555555
17 0.096875 0.6583333333333333 0.0640625 0.1361111111111111
5 0.0484375 0.7055555555555556 0.0890625 0.041666666666666664
13 0.084375 0.425 0.021875 0.03888888888888889
5 0.6078125 0.6611111111111111 0.078125 0.07222222222222222
13 0.59375 0.7333333333333333 0.0515625 0.17777777777777778
13 0.875 0.9166666666666666 0.0609375 0.13333333333333333
13 0.7859375 0.8333333333333334 0.0546875 0.15833333333333333
13 0.778125 0.7527777777777778 0.059375 0.08333333333333333
13 0.8453125 0.7888888888888889 0.065625 0.1361111111111111
7 0.7234375 0.5861111111111111 0.103125 0.1361111111111111
13 0.9765625 0.6805555555555556 0.0421875 0.08611111111111111
13 0.815625 0.6722222222222223 0.0484375 0.07222222222222222
5 0.103125 0.49166666666666664 0.0609375 0.044444444444444446
15 0.1515625 0.46111111111111114 0.0609375 0.04722222222222222
17 0.2359375 0.5861111111111111 0.05 0.06388888888888888
5 0.259375 0.3416666666666667 0.040625 0.030555555555555555
13 0.2578125 0.42777777777777776 0.0234375 0.058333333333333334
13 0.2203125 0.4361111111111111 0.025 0.05277777777777778
9 0.0265625 0.6138888888888889 0.053125 0.10555555555555556
19 0.365625 0.37222222222222223 0.0828125 0.044444444444444446
13 0.765625 0.5111111111111111 0.028125 0.06388888888888888
13 0.9140625 0.6638888888888889 0.046875 0.05
19 0.959375 0.9472222222222222 0.0765625 0.08888888888888889