10 0.491701244813278 0.79375 0.043568464730290454 0.090625
10 0.495850622406639 0.6140625 0.029045643153526972 0.0375
10 0.15767634854771784 0.7171875 0.04771784232365145 0.0703125
5 0.2800829875518672 0.8171875 0.15975103734439833 0.1359375
19 0.43568464730290457 0.628125 0.06431535269709543 0.065625
10 0.7468879668049793 0.6625 0.06431535269709543 0.028125
10 0.8692946058091287 0.7421875 0.05186721991701245 0.059375
5 0.7033195020746889 0.8671875 0.15352697095435686 0.153125
5 0.8443983402489627 0.8171875 0.15975103734439833 0.14375
5 0.6556016597510373 0.63125 0.04771784232365145 0.05
15 0.3381742738589212 0.5921875 0.05394190871369295 0.0375
15 0.2717842323651452 0.59375 0.06431535269709543 0.0375
15 0.23236514522821577 0.659375 0.10580912863070539 0.075
15 0.45643153526970953 0.578125 0.04149377593360996 0.03125
5 0.5705394190871369 0.5890625 0.04149377593360996 0.034375
4 0.052904564315352696 0.71640625 0.10580912863070539 0.1359375