17 0.484375 0.6 0.103125 0.18611111111111112
17 0.4609375 0.7777777777777778 0.1125 0.15555555555555556
17 0.653125 0.9 0.115625 0.18333333333333332
17 0.8953125 0.8361111111111111 0.103125 0.09166666666666666
17 0.715625 0.5916666666666667 0.0796875 0.18333333333333332
17 0.9625 0.4583333333333333 0.0703125 0.1111111111111111
17 0.70625 0.9583333333333334 0.125 0.06666666666666667
17 0.5796875 0.4111111111111111 0.0546875 0.04722222222222222
17 0.578125 0.36666666666666664 0.05 0.03888888888888889
17 0.7484375 0.4666666666666667 0.05 0.10555555555555556
17 0.8484375 0.4666666666666667 0.046875 0.10833333333333334
17 0.8125 0.6583333333333333 0.0859375 0.10555555555555556
17 0.8375 0.6138888888888889 0.0796875 0.10277777777777777
17 0.915625 0.5722222222222222 0.075 0.17777777777777778
10 0.9796875 0.8 0.0375 0.23055555555555557
10 0.8796875 0.4638888888888889 0.0265625 0.10555555555555556
4 0.821875 0.28888888888888886 0.0875 0.16666666666666666
15 0.315625 0.8583333333333333 0.165625 0.26666666666666666
5 0.6546875 0.7138888888888889 0.1359375 0.17777777777777778
15 0.790625 0.825 0.1359375 0.25277777777777777
5 0.4546875 0.9194444444444444 0.165625 0.14722222222222223
5 0.51875 0.7805555555555556 0.121875 0.23333333333333334
5 0.88125 0.7416666666666667 0.1265625 0.1527777777777778
5 0.5953125 0.6388888888888888 0.121875 0.17777777777777778
17 0.6765625 0.4777777777777778 0.071875 0.07222222222222222
4 0.7875 0.1361111111111111 0.1234375 0.16666666666666666
11 0.884375 0.3 0.046875 0.15
11 0.5015625 0.3333333333333333 0.0765625 0.17222222222222222
4 0.6640625 0.17222222222222222 0.065625 0.13055555555555556
11 0.71875 0.23055555555555557 0.0828125 0.1361111111111111
4 0.5359375 0.1388888888888889 0.0828125 0.1
11 0.546875 0.24166666666666667 0.08125 0.12777777777777777
17 0.553125 0.30277777777777776 0.0328125 0.10277777777777777
17 0.5421875 0.325 0.015625 0.08888888888888889
5 0.609375 0.3277777777777778 0.0515625 0.1
17 0.7328125 0.35833333333333334 0.0640625 0.09166666666666666
17 0.1625 0.5 0.0546875 0.08888888888888889
4 0.065625 0.3111111111111111 0.096875 0.12222222222222222
4 0.1328125 0.1361111111111111 0.06875 0.1638888888888889
4 0.0671875 0.1638888888888889 0.0734375 0.10555555555555556
4 0.24375 0.21666666666666667 0.0734375 0.08611111111111111
17 0.5453125 0.46944444444444444 0.059375 0.06388888888888888
5 0.39375 0.5611111111111111 0.0984375 0.13333333333333333
5 0.3734375 0.6083333333333333 0.1171875 0.1527777777777778
15 0.353125 0.6694444444444444 0.1328125 0.1361111111111111
4 0.5546875 0.03888888888888889 0.0546875 0.07777777777777778
4 0.6109375 0.16666666666666666 0.0421875 0.12222222222222222