5 0.24166666666666667 0.7265625 0.275 0.2
13 0.5770833333333333 0.5921875 0.08958333333333333 0.0609375
5 0.6333333333333333 0.5890625 0.05 0.046875
13 0.6958333333333333 0.59375 0.06666666666666667 0.0640625
13 0.7291666666666666 0.575 0.08125 0.0359375
13 0.9208333333333333 0.5859375 0.12083333333333333 0.0609375
13 0.5208333333333334 0.5734375 0.03125 0.0421875
13 0.06041666666666667 0.565625 0.020833333333333332 0.0234375
5 0.07916666666666666 0.5609375 0.01875 0.0140625
13 0.4 0.5875 0.03958333333333333 0.0546875
13 0.33541666666666664 0.5796875 0.035416666666666666 0.0453125
5 0.2708333333333333 0.5765625 0.058333333333333334 0.0265625
13 0.44583333333333336 0.5640625 0.022916666666666665 0.028125
5 0.23541666666666666 0.56875 0.03958333333333333 0.021875
13 0.28958333333333336 0.55625 0.014583333333333334 0.01875
5 0.23333333333333334 0.5515625 0.020833333333333332 0.0109375
4 0.25 0.540625 0.016666666666666666 0.00625
5 0.34375 0.5546875 0.01875 0.0109375
13 0.2708333333333333 0.5546875 0.016666666666666666 0.0140625
5 0.30416666666666664 0.55 0.014583333333333334 0.009375