4 0.48125 0.9041666666666667 0.2875 0.18541666666666667
4 0.846875 0.86875 0.3 0.25625
4 0.809375 0.6791666666666667 0.325 0.2833333333333333
4 0.6328125 0.74375 0.209375 0.3854166666666667
4 0.4703125 0.68125 0.11875 0.25416666666666665
4 0.6328125 0.525 0.1375 0.08958333333333333
4 0.515625 0.5083333333333333 0.0921875 0.10416666666666667
4 0.434375 0.5645833333333333 0.090625 0.12291666666666666
4 0.39375 0.5145833333333333 0.1125 0.10833333333333334
4 0.4234375 0.4583333333333333 0.1140625 0.06041666666666667
4 0.340625 0.47291666666666665 0.090625 0.10208333333333333
4 0.06328125 0.7291666666666666 0.1265625 0.08333333333333333
4 0.16875 0.6416666666666667 0.1359375 0.22291666666666668
4 0.1875 0.5 0.0609375 0.06458333333333334
4 0.1640625 0.42291666666666666 0.0328125 0.052083333333333336
4 0.28125 0.45208333333333334 0.028125 0.07291666666666667
4 0.303125 0.3958333333333333 0.053125 0.0375
4 0.259375 0.42916666666666664 0.0296875 0.052083333333333336
4 0.234375 0.41875 0.015625 0.0375
4 0.25 0.38125 0.034375 0.027083333333333334
5 0.0671875 0.64375 0.0671875 0.07916666666666666
5 0.1234375 0.5458333333333333 0.05 0.052083333333333336
5 0.28125 0.5375 0.05625 0.052083333333333336
5 0.7171875 0.525 0.04375 0.03125
15 0.778125 0.48125 0.034375 0.04791666666666667
17 0.31875 0.58125 0.0625 0.06666666666666667
9 0.15 0.49166666666666664 0.028125 0.04583333333333333
17 0.1359375 0.4666666666666667 0.021875 0.035416666666666666
17 0.1328125 0.44166666666666665 0.0171875 0.014583333333333334
5 0.1890625 0.4375 0.025 0.020833333333333332