11 0.078125 0.6495327102803738 0.146875 0.17289719626168223
11 0.178125 0.6285046728971962 0.05 0.07476635514018691
11 0.26875 0.6121495327102804 0.04375 0.06542056074766354
11 0.509375 0.6635514018691588 0.046875 0.07710280373831775
11 0.334375 0.5957943925233645 0.08125 0.037383177570093455
18 0.3703125 0.5700934579439252 0.0921875 0.03271028037383177
13 0.31875 0.6308411214953271 0.021875 0.04672897196261682
11 0.5265625 0.6051401869158879 0.028125 0.04672897196261682
5 0.4953125 0.6051401869158879 0.025 0.03271028037383177
4 0.6421875 0.5957943925233645 0.05 0.07476635514018691
18 0.5640625 0.5747663551401869 0.03125 0.03271028037383177
18 0.7125 0.5887850467289719 0.025 0.03271028037383177
11 0.8 0.6144859813084113 0.0515625 0.03271028037383177
4 0.503125 0.5514018691588785 0.0265625 0.030373831775700934
7 0.4625 0.5747663551401869 0.015625 0.028037383177570093
3 0.3515625 0.6378504672897196 0.0125 0.02102803738317757