11 0.04296875 0.610981308411215 0.0859375 0.1939252336448598
15 0.1421875 0.35046728971962615 0.0671875 0.056074766355140186
15 0.203125 0.32009345794392524 0.0484375 0.02570093457943925
17 0.2140625 0.3574766355140187 0.0328125 0.04672897196261682
17 0.2578125 0.35046728971962615 0.0328125 0.053738317757009345
5 0.4015625 0.29205607476635514 0.03125 0.037383177570093455
17 0.4546875 0.205607476635514 0.0109375 0.018691588785046728
10 0.471875 0.21261682242990654 0.00625 0.016355140186915886
17 0.503125 0.17757009345794392 0.0046875 0.009345794392523364
17 0.49375 0.17757009345794392 0.0015625 0.009345794392523364
16 0.10234375 0.8936915887850467 0.2046875 0.1985981308411215
9 0.25625 0.6682242990654206 0.134375 0.2266355140186916
5 0.3421875 0.5817757009345794 0.075 0.12149532710280374
9 0.3609375 0.48364485981308414 0.078125 0.10514018691588785
5 0.409375 0.45560747663551404 0.0265625 0.0794392523364486
15 0.4109375 0.3925233644859813 0.05 0.04672897196261682
5 0.4359375 0.3644859813084112 0.0390625 0.02570093457943925
19 0.446875 0.3317757009345794 0.0421875 0.04672897196261682
19 0.478125 0.3177570093457944 0.0203125 0.053738317757009345
5 0.4796875 0.2850467289719626 0.025 0.014018691588785047
15 0.4890625 0.26635514018691586 0.025 0.028037383177570093
5 0.5109375 0.26401869158878505 0.00625 0.02570093457943925
19 0.515625 0.21962616822429906 0.01875 0.014018691588785047
19 0.521875 0.20794392523364486 0.0140625 0.009345794392523364
19 0.3390625 0.9415887850467289 0.1796875 0.10514018691588785
9 0.4015625 0.7850467289719626 0.1484375 0.23130841121495327
5 0.4234375 0.6378504672897196 0.1 0.07476635514018691
5 0.4484375 0.5584112149532711 0.078125 0.08644859813084112
5 0.4453125 0.4929906542056075 0.0609375 0.056074766355140186
5 0.48125 0.43457943925233644 0.053125 0.0630841121495327
5 0.503125 0.3878504672897196 0.040625 0.0397196261682243
5 0.490625 0.352803738317757 0.0421875 0.02570093457943925
5 0.5203125 0.34345794392523366 0.0296875 0.0397196261682243
19 0.5171875 0.3060747663551402 0.034375 0.02570093457943925
9 0.53125 0.2803738317757009 0.021875 0.02570093457943925
5 0.528125 0.2570093457943925 0.0171875 0.011682242990654205
4 0.5359375 0.21962616822429906 0.0046875 0.037383177570093455
4 0.5671875 0.18691588785046728 0.0171875 0.016355140186915886
4 0.5890625 0.19158878504672897 0.0203125 0.02102803738317757
4 0.5609375 0.23598130841121495 0.0421875 0.030373831775700934
4 0.584375 0.16822429906542055 0.0078125 0.009345794392523364
4 0.5703125 0.1658878504672897 0.0078125 0.007009345794392523
4 0.6015625 0.2383177570093458 0.0359375 0.04205607476635514
4 0.575 0.2733644859813084 0.04375 0.035046728971962614
4 0.5828125 0.2102803738317757 0.0203125 0.014018691588785047
4 0.575 0.3247663551401869 0.0546875 0.06775700934579439
4 0.6109375 0.28738317757009346 0.01875 0.04906542056074766
4 0.646875 0.3014018691588785 0.0515625 0.04439252336448598
4 0.6640625 0.37850467289719625 0.084375 0.07242990654205607
4 0.7296875 0.4976635514018692 0.1046875 0.1658878504672897
19 0.815625 0.46261682242990654 0.0703125 0.07476635514018691
17 0.8046875 0.5607476635514018 0.040625 0.1191588785046729
17 0.865625 0.5397196261682243 0.05 0.06074766355140187
17 0.8609375 0.5981308411214953 0.06875 0.04906542056074766
17 0.8265625 0.6682242990654206 0.0796875 0.09579439252336448
17 0.9171875 0.6728971962616822 0.0859375 0.11214953271028037
17 0.8703125 0.7710280373831776 0.1140625 0.10046728971962617
17 0.8984375 0.8948598130841121 0.1140625 0.15654205607476634
17 0.91875 0.9848130841121495 0.1125 0.016355140186915886
17 0.7265625 0.7616822429906542 0.0828125 0.10981308411214953
17 0.725 0.8481308411214953 0.0875 0.05841121495327103
9 0.9484375 0.5490654205607477 0.0890625 0.11448598130841121
5 0.8828125 0.4929906542056075 0.059375 0.030373831775700934
15 0.7015625 0.6448598130841121 0.0953125 0.12850467289719625
15 0.56875 0.397196261682243 0.0578125 0.06074766355140187
10 0.575 0.4439252336448598 0.021875 0.02336448598130841
16 0.60625 0.45093457943925236 0.0453125 0.028037383177570093
11 0.6 0.4953271028037383 0.0578125 0.03271028037383177
11 0.6265625 0.5397196261682243 0.0125 0.053738317757009345
15 0.5875 0.5864485981308412 0.0734375 0.15654205607476634
5 0.5265625 0.5210280373831776 0.0625 0.10514018691588785
5 0.5828125 0.719626168224299 0.1046875 0.09579439252336448
19 0.5703125 0.8341121495327103 0.1296875 0.12850467289719625
17 0.659375 0.49065420560747663 0.03125 0.09579439252336448
4 0.7234375 0.9462616822429907 0.2765625 0.09579439252336448