4 0.7390625 0.9345794392523364 0.209375 0.1191588785046729
4 0.9140625 0.7686915887850467 0.15 0.45093457943925236
17 0.453125 0.969626168224299 0.1234375 0.04672897196261682
15 0.253125 0.9228971962616822 0.203125 0.14018691588785046
5 0.3515625 0.8014018691588785 0.1453125 0.12383177570093458
5 0.721875 0.8317757009345794 0.1453125 0.0911214953271028
5 0.4046875 0.6869158878504673 0.1 0.07476635514018691
4 0.546875 0.764018691588785 0.2296875 0.36682242990654207
17 0.7015625 0.677570093457944 0.071875 0.0514018691588785
17 0.725 0.7523364485981309 0.0765625 0.0911214953271028
15 0.725 0.616822429906542 0.090625 0.07710280373831775
4 0.834375 0.6285046728971962 0.0765625 0.32710280373831774
4 0.8671875 0.45093457943925236 0.0796875 0.04439252336448598
4 0.84375 0.37383177570093457 0.0703125 0.10981308411214953
4 0.8 0.3808411214953271 0.0125 0.102803738317757
4 0.834375 0.2546728971962617 0.0375 0.0397196261682243
4 0.815625 0.2780373831775701 0.034375 0.011682242990654205
4 0.81875 0.2897196261682243 0.0390625 0.009345794392523364
4 0.821875 0.3014018691588785 0.0453125 0.016355140186915886
4 0.7609375 0.3317757009345794 0.0390625 0.0794392523364486
4 0.771875 0.2570093457943925 0.034375 0.04439252336448598
4 0.80625 0.2102803738317757 0.0125 0.016355140186915886
4 0.2265625 0.38317757009345793 0.121875 0.08177570093457943
4 0.4421875 0.3014018691588785 0.0421875 0.04672897196261682
4 0.475 0.2897196261682243 0.0203125 0.03271028037383177
4 0.509375 0.26401869158878505 0.040625 0.028037383177570093
4 0.5671875 0.24532710280373832 0.0359375 0.02102803738317757
4 0.63125 0.22429906542056074 0.0265625 0.02570093457943925
4 0.675 0.20327102803738317 0.0078125 0.009345794392523364
5 0.7765625 0.5373831775700935 0.0390625 0.08644859813084112
5 0.765625 0.4719626168224299 0.0265625 0.04439252336448598
5 0.7921875 0.3037383177570093 0.00625 0.0397196261682243
5 0.6046875 0.5537383177570093 0.0703125 0.04205607476635514
5 0.6453125 0.48130841121495327 0.0453125 0.016355140186915886
5 0.678125 0.4439252336448598 0.046875 0.014018691588785047
5 0.6875 0.42757009345794394 0.040625 0.02102803738317757
5 0.6953125 0.40420560747663553 0.0390625 0.016355140186915886
5 0.703125 0.3855140186915888 0.034375 0.009345794392523364
5 0.7015625 0.3598130841121495 0.0109375 0.0397196261682243
5 0.7796875 0.2219626168224299 0.028125 0.014018691588785047
5 0.4609375 0.6144859813084113 0.0875 0.07242990654205607
5 0.5828125 0.4953271028037383 0.0421875 0.07476635514018691
5 0.590625 0.4462616822429907 0.0515625 0.02570093457943925
5 0.63125 0.4439252336448598 0.0203125 0.053738317757009345
5 0.65625 0.40186915887850466 0.021875 0.056074766355140186
5 0.0515625 0.8761682242990654 0.1 0.102803738317757
5 0.2546875 0.6635514018691588 0.0734375 0.10981308411214953
5 0.06875 0.6144859813084113 0.071875 0.0397196261682243
5 0.0265625 0.5771028037383178 0.0421875 0.035046728971962614
5 0.05625 0.5397196261682243 0.053125 0.056074766355140186
5 0.009375 0.5350467289719626 0.01875 0.056074766355140186
5 0.071875 0.49065420560747663 0.05 0.03271028037383177
5 0.240625 0.5677570093457944 0.0234375 0.07710280373831775
5 0.2859375 0.5093457943925234 0.065625 0.04439252336448598
5 0.328125 0.5490654205607477 0.0265625 0.0397196261682243
5 0.2375 0.4929906542056075 0.015625 0.053738317757009345
5 0.30625 0.4602803738317757 0.0265625 0.056074766355140186
5 0.325 0.42990654205607476 0.01875 0.037383177570093455
5 0.3609375 0.4439252336448598 0.0484375 0.02102803738317757
5 0.4515625 0.4485981308411215 0.03125 0.028037383177570093
5 0.475 0.4182242990654206 0.0296875 0.02102803738317757
5 0.446875 0.4135514018691589 0.0234375 0.037383177570093455
5 0.475 0.38317757009345793 0.040625 0.02336448598130841
5 0.4609375 0.3621495327102804 0.0265625 0.011682242990654205
5 0.471875 0.35046728971962615 0.0296875 0.016355140186915886
5 0.45 0.3341121495327103 0.03125 0.016355140186915886
5 0.5171875 0.34579439252336447 0.028125 0.016355140186915886
5 0.565625 0.34579439252336447 0.0328125 0.02336448598130841
5 0.478125 0.32710280373831774 0.00625 0.018691588785046728
17 0.721875 0.4883177570093458 0.028125 0.0630841121495327
17 0.715625 0.530373831775701 0.05 0.02102803738317757
17 0.68125 0.4883177570093458 0.0203125 0.07242990654205607
17 0.65 0.5163551401869159 0.0484375 0.04205607476635514
17 0.64375 0.3621495327102804 0.0296875 0.02102803738317757
10 0.809375 0.23598130841121495 0.00625 0.014018691588785047
17 0.284375 0.572429906542056 0.0546875 0.056074766355140186
17 0.0984375 0.7126168224299065 0.065625 0.11214953271028037
17 0.028125 0.7102803738317757 0.05625 0.14719626168224298
17 0.2703125 0.45093457943925236 0.0453125 0.0397196261682243
17 0.3328125 0.40420560747663553 0.0140625 0.03271028037383177
17 0.425 0.38317757009345793 0.0328125 0.016355140186915886
17 0.43125 0.3691588785046729 0.03125 0.009345794392523364
17 0.415625 0.3411214953271028 0.0234375 0.016355140186915886
17 0.659375 0.26401869158878505 0.0140625 0.016355140186915886
15 0.71875 0.3177570093457944 0.0109375 0.0397196261682243
15 0.61875 0.39485981308411217 0.0515625 0.037383177570093455
15 0.3828125 0.35514018691588783 0.0390625 0.028037383177570093
10 0.3546875 0.36682242990654207 0.0140625 0.009345794392523364
15 0.5265625 0.37383177570093457 0.0453125 0.03271028037383177
11 0.7234375 0.5584112149532711 0.06875 0.03271028037383177
11 0.75625 0.411214953271028 0.0484375 0.07009345794392523
11 0.728125 0.24766355140186916 0.0296875 0.02102803738317757
11 0.715625 0.26635514018691586 0.025 0.009345794392523364
11 0.5421875 0.3130841121495327 0.04375 0.0514018691588785
11 0.5 0.32242990654205606 0.0328125 0.03271028037383177
11 0.6 0.24766355140186916 0.0234375 0.014018691588785047
11 0.625 0.26401869158878505 0.0265625 0.02102803738317757
11 0.1640625 0.4953271028037383 0.1046875 0.09813084112149532
11 0.196875 0.5911214953271028 0.05 0.0794392523364486
11 0.303125 0.38317757009345793 0.0265625 0.04205607476635514
11 0.5765625 0.29205607476635514 0.0140625 0.0397196261682243
11 0.6640625 0.24532710280373832 0.0171875 0.016355140186915886
11 0.6640625 0.3247663551401869 0.0421875 0.04906542056074766
19 0.5140625 0.530373831775701 0.0953125 0.0911214953271028
5 0.696875 0.32710280373831774 0.009375 0.014018691588785047
9 0.6953125 0.3014018691588785 0.01875 0.016355140186915886
9 0.025 0.4439252336448598 0.05 0.08177570093457943
5 0.1078125 0.5677570093457944 0.053125 0.0397196261682243
19 0.371875 0.48598130841121495 0.0703125 0.056074766355140186
19 0.3765625 0.40420560747663553 0.0640625 0.06074766355140187
11 0.2171875 0.4485981308411215 0.0125 0.037383177570093455