8 0.703125 0.7570093457943925 0.353125 0.42990654205607476
8 0.328125 0.6495327102803738 0.3953125 0.3341121495327103
8 0.221875 0.3644859813084112 0.290625 0.32009345794392524
17 0.2171875 0.9018691588785047 0.153125 0.17757009345794392
17 0.05234375 0.8177570093457944 0.1046875 0.1308411214953271
17 0.54375 0.9719626168224299 0.1140625 0.0397196261682243
17 0.3765625 0.9462616822429907 0.15 0.0911214953271028
13 0.0484375 0.6845794392523364 0.0796875 0.1658878504672897
5 0.128125 0.5163551401869159 0.09375 0.0911214953271028
13 0.0625 0.4696261682242991 0.0515625 0.1939252336448598
13 0.0171875 0.4696261682242991 0.03125 0.1425233644859813
13 0.9625 0.7032710280373832 0.0609375 0.08177570093457943
13 0.934375 0.6401869158878505 0.05625 0.0514018691588785
13 0.775 0.5397196261682243 0.0625 0.10747663551401869
13 0.721875 0.4976635514018692 0.0453125 0.14719626168224298
17 0.68125 0.45794392523364486 0.053125 0.14485981308411214
17 0.6046875 0.4766355140186916 0.1140625 0.06542056074766354
17 0.4765625 0.441588785046729 0.109375 0.0794392523364486
17 0.565625 0.39953271028037385 0.0953125 0.07242990654205607
17 0.465625 0.2523364485981308 0.0875 0.11214953271028037
17 0.6171875 0.24766355140186916 0.0953125 0.11682242990654206
17 0.384375 0.1822429906542056 0.065625 0.056074766355140186
17 0.278125 0.07242990654205607 0.0328125 0.06775700934579439
17 0.115625 0.14953271028037382 0.0578125 0.08411214953271028
17 0.046875 0.1191588785046729 0.06875 0.08177570093457943
17 0.04375 0.053738317757009345 0.06875 0.037383177570093455
17 0.2359375 0.04672897196261682 0.034375 0.02102803738317757
17 0.028125 0.014018691588785047 0.0265625 0.028037383177570093
17 0.803125 0.1985981308411215 0.0265625 0.04439252336448598
17 0.8453125 0.1588785046728972 0.0703125 0.04439252336448598
17 0.8734375 0.4135514018691589 0.0765625 0.09579439252336448
13 0.0640625 0.016355140186915886 0.028125 0.03271028037383177
13 0.1296875 0.0630841121495327 0.034375 0.06074766355140187
13 0.1453125 0.02102803738317757 0.0328125 0.035046728971962614
13 0.2875 0.02102803738317757 0.040625 0.03271028037383177
13 0.2453125 0.09579439252336448 0.0421875 0.053738317757009345
13 0.265625 0.1425233644859813 0.040625 0.04439252336448598
13 0.26875 0.17757009345794392 0.0234375 0.028037383177570093
13 0.1484375 0.09813084112149532 0.015625 0.07476635514018691
13 0.190625 0.07009345794392523 0.034375 0.0514018691588785
13 0.190625 0.14485981308411214 0.021875 0.0630841121495327
13 0.775 0.3901869158878505 0.053125 0.1542056074766355
13 0.459375 0.11682242990654206 0.040625 0.05841121495327103
13 0.4859375 0.1658878504672897 0.0390625 0.056074766355140186
13 0.3234375 0.21495327102803738 0.0328125 0.08411214953271028
13 0.284375 0.25934579439252337 0.034375 0.04439252336448598
13 0.365625 0.24532710280373832 0.0421875 0.07476635514018691
13 0.478125 0.34345794392523366 0.046875 0.0794392523364486
13 0.528125 0.3294392523364486 0.0296875 0.10046728971962617
13 0.4078125 0.4158878504672897 0.0390625 0.09813084112149532
10 0.8703125 0.6495327102803738 0.0625 0.12850467289719625
13 0.6125 0.35514018691588783 0.0515625 0.07242990654205607
4 0.0671875 0.927570093457944 0.134375 0.1308411214953271
16 0.975 0.2102803738317757 0.0453125 0.14953271028037382
15 0.709375 0.2827102803738318 0.153125 0.18691588785046728
5 0.7765625 0.12850467289719625 0.15 0.1261682242990654
5 0.8890625 0.04672897196261682 0.13125 0.0911214953271028
9 0.8390625 0.2827102803738318 0.15 0.1425233644859813
13 0.0984375 0.1822429906542056 0.0375 0.06775700934579439
5 0.371875 0.12149532710280374 0.1171875 0.0794392523364486
20 0.9234375 0.17523364485981308 0.0640625 0.10046728971962617