5 0.7109375 0.9136904761904762 0.1421875 0.16071428571428573
5 0.90625 0.9613095238095238 0.1078125 0.06547619047619048
5 0.8640625 0.8452380952380952 0.1421875 0.16071428571428573
5 0.6390625 0.7738095238095238 0.1125 0.23214285714285715
5 0.9390625 0.6904761904761905 0.1140625 0.11904761904761904
5 0.815625 0.7142857142857143 0.1125 0.13690476190476192
5 0.596875 0.6160714285714286 0.0796875 0.07738095238095238
5 0.6203125 0.5416666666666666 0.0796875 0.05357142857142857
5 0.6953125 0.5595238095238095 0.0546875 0.1488095238095238
5 0.571875 0.4851190476190476 0.075 0.06547619047619048
5 0.5625 0.4255952380952381 0.0546875 0.050595238095238096
5 0.553125 0.38392857142857145 0.0484375 0.03571428571428571
5 0.5484375 0.35119047619047616 0.0359375 0.02976190476190476
5 0.8578125 0.49404761904761907 0.0421875 0.08333333333333333
5 0.8640625 0.5952380952380952 0.06875 0.10714285714285714
5 0.1953125 0.7529761904761905 0.1140625 0.16071428571428573
5 0.2890625 0.6398809523809523 0.0859375 0.13095238095238096
5 0.15625 0.5833333333333334 0.04375 0.07142857142857142
5 0.246875 0.5148809523809523 0.0515625 0.09523809523809523
5 0.5984375 0.38095238095238093 0.025 0.0744047619047619
5 0.02265625 0.9508928571428571 0.0453125 0.08630952380952381
5 0.4 0.6696428571428571 0.1015625 0.07738095238095238
5 0.390625 0.32142857142857145 0.025 0.06547619047619048
5 0.346875 0.28273809523809523 0.01875 0.041666666666666664
5 0.321875 0.31547619047619047 0.0265625 0.03869047619047619
5 0.2953125 0.3630952380952381 0.0390625 0.047619047619047616
5 0.3796875 0.25595238095238093 0.01875 0.02976190476190476
5 0.4203125 0.25297619047619047 0.0296875 0.03273809523809524
5 0.2890625 0.25595238095238093 0.025 0.023809523809523808
5 0.3328125 0.46726190476190477 0.05625 0.044642857142857144
5 0.3390625 0.39880952380952384 0.03125 0.06547619047619048
5 0.3328125 0.9642857142857143 0.1640625 0.0625
5 0.55625 0.23511904761904762 0.0234375 0.020833333333333332
5 0.3171875 0.2619047619047619 0.0265625 0.01488095238095238
5 0.446875 0.23809523809523808 0.0171875 0.026785714285714284
5 0.90625 0.4166666666666667 0.0703125 0.05357142857142857
9 0.95625 0.5446428571428571 0.0796875 0.14583333333333334
9 0.7796875 0.5744047619047619 0.1 0.14583333333333334
9 0.784375 0.36904761904761907 0.040625 0.12202380952380952
17 0.8296875 0.41369047619047616 0.04375 0.0625
17 0.734375 0.4523809523809524 0.034375 0.06845238095238096
17 0.634375 0.38095238095238093 0.0359375 0.026785714285714284
17 0.5609375 0.3005952380952381 0.0328125 0.02976190476190476
17 0.034375 0.7976190476190477 0.06875 0.21428571428571427
17 0.6015625 0.3333333333333333 0.034375 0.01488095238095238
11 0.546875 0.19940476190476192 0.025 0.044642857142857144
11 0.0578125 0.47023809523809523 0.075 0.15178571428571427
10 0.2171875 0.6309523809523809 0.0421875 0.08035714285714286
10 0.54375 0.6458333333333334 0.021875 0.10714285714285714
10 0.8625 0.41369047619047616 0.01875 0.047619047619047616
11 0.3515625 0.8184523809523809 0.14375 0.22321428571428573
10 0.2171875 0.31845238095238093 0.0171875 0.020833333333333332
10 0.2328125 0.30952380952380953 0.00625 0.03273809523809524
9 0.2578125 0.2976190476190476 0.0375 0.05654761904761905
4 0.2390625 0.23809523809523808 0.0515625 0.0744047619047619
4 0.31875 0.19940476190476192 0.05 0.08630952380952381
4 0.3734375 0.19345238095238096 0.0515625 0.06547619047619048
4 0.09375 0.34226190476190477 0.134375 0.10119047619047619
8 0.1921875 0.3898809523809524 0.0953125 0.11607142857142858
15 0.278125 0.4226190476190476 0.075 0.06547619047619048
15 0.146875 0.49404761904761907 0.096875 0.08035714285714286
15 0.4265625 0.3541666666666667 0.046875 0.047619047619047616
9 0.440625 0.28869047619047616 0.0375 0.02976190476190476
15 0.3953125 0.40476190476190477 0.0703125 0.05357142857142857
9 0.396875 0.4791666666666667 0.0671875 0.05952380952380952
9 0.4015625 0.5714285714285714 0.084375 0.11607142857142858
9 0.1015625 0.6934523809523809 0.059375 0.20238095238095238
4 0.603125 0.24404761904761904 0.0640625 0.08928571428571429
4 0.6921875 0.30357142857142855 0.10625 0.13690476190476192
4 0.7671875 0.2619047619047619 0.034375 0.0625
4 0.690625 0.2113095238095238 0.059375 0.050595238095238096
4 0.6453125 0.18154761904761904 0.028125 0.05654761904761905
4 0.6140625 0.16964285714285715 0.03125 0.05357142857142857
4 0.5734375 0.16666666666666666 0.0265625 0.044642857142857144
4 0.59375 0.1636904761904762 0.009375 0.05357142857142857
19 0.675 0.44047619047619047 0.0765625 0.09523809523809523
9 0.453125 0.19345238095238096 0.0203125 0.02976190476190476
10 0.4625 0.22916666666666666 0.009375 0.026785714285714284
5 0.15 0.9107142857142857 0.1796875 0.16666666666666666