17 0.8875 0.8790697674418605 0.0859375 0.14651162790697675
17 0.35625 0.5581395348837209 0.015625 0.030232558139534883
5 0.21875 0.8744186046511628 0.1171875 0.1372093023255814
5 0.6640625 0.7837209302325582 0.08125 0.10697674418604651
5 0.659375 0.6767441860465117 0.0515625 0.06046511627906977
5 0.3671875 0.6488372093023256 0.04375 0.04883720930232558
5 0.4203125 0.5953488372093023 0.028125 0.037209302325581395
5 0.4828125 0.5302325581395348 0.0171875 0.018604651162790697
5 0.4015625 0.541860465116279 0.01875 0.020930232558139535
5 0.553125 0.5976744186046512 0.021875 0.04883720930232558
5 0.4125 0.5093023255813953 0.0140625 0.013953488372093023
5 0.471875 0.4883720930232558 0.009375 0.011627906976744186
16 0.4015625 0.5232558139534884 0.015625 0.011627906976744186
10 0.38125 0.6023255813953489 0.0125 0.03953488372093023
9 0.1734375 0.7023255813953488 0.071875 0.08372093023255814
5 0.0578125 0.6558139534883721 0.0671875 0.04883720930232558
5 0.103125 0.627906976744186 0.0421875 0.03953488372093023
5 0.2375 0.5697674418604651 0.0296875 0.030232558139534883
5 0.2625 0.5651162790697675 0.015625 0.02558139534883721
5 0.2359375 0.5465116279069767 0.03125 0.013953488372093023
13 0.053125 0.7162790697674418 0.0359375 0.06279069767441861
13 0.0203125 0.7348837209302326 0.0296875 0.06511627906976744
9 0.38125 0.7604651162790698 0.0671875 0.11162790697674418
10 0.53125 0.5162790697674419 0.0078125 0.01627906976744186
10 0.546875 0.5162790697674419 0.0046875 0.018604651162790697
11 0.4359375 0.541860465116279 0.0203125 0.027906976744186046
4 0.509375 0.6069767441860465 0.0609375 0.12558139534883722
4 0.4296875 0.513953488372093 0.01875 0.023255813953488372
4 0.4359375 0.4930232558139535 0.01875 0.01627906976744186
4 0.4765625 0.46744186046511627 0.0078125 0.013953488372093023
18 0.4890625 0.4930232558139535 0.015625 0.03255813953488372
13 0.1671875 0.6395348837209303 0.021875 0.053488372093023255
13 0.084375 0.6883720930232559 0.028125 0.06046511627906977