7 0.1296875 0.715962441314554 0.1390625 0.1572769953051643
13 0.1 0.5985915492957746 0.065625 0.07511737089201878
13 0.159375 0.5516431924882629 0.05 0.07981220657276995
13 0.2953125 0.5234741784037559 0.034375 0.07746478873239436
13 0.328125 0.49061032863849763 0.028125 0.06572769953051644
13 0.2203125 0.4107981220657277 0.0234375 0.03990610328638498
13 0.4375 0.3591549295774648 0.009375 0.01643192488262911
13 0.421875 0.3685446009389671 0.0140625 0.023474178403755867
3 0.1828125 0.42488262910798125 0.015625 0.023474178403755867
13 0.234375 0.4624413145539906 0.0234375 0.03755868544600939
13 0.2234375 0.49765258215962443 0.025 0.056338028169014086
13 0.2 0.5070422535211268 0.028125 0.05868544600938967
13 0.3984375 0.3779342723004695 0.0234375 0.028169014084507043
15 0.5078125 0.607981220657277 0.0734375 0.1267605633802817
16 0.6453125 0.6455399061032864 0.0703125 0.12441314553990611
5 0.634375 0.43896713615023475 0.034375 0.051643192488262914
3 0.5640625 0.4272300469483568 0.0296875 0.028169014084507043
17 0.9078125 0.7370892018779343 0.08125 0.1619718309859155
4 0.790625 0.6901408450704225 0.15625 0.34976525821596244
5 0.5734375 0.36384976525821594 0.021875 0.025821596244131457
11 0.625 0.3474178403755869 0.0171875 0.025821596244131457
13 0.6265625 0.323943661971831 0.009375 0.004694835680751174
4 0.6078125 0.31690140845070425 0.0140625 0.025821596244131457
15 0.596875 0.3474178403755869 0.0171875 0.02112676056338028
15 0.5890625 0.33098591549295775 0.015625 0.009389671361502348
17 0.5890625 0.3004694835680751 0.00625 0.009389671361502348
17 0.6015625 0.29577464788732394 0.0046875 0.007042253521126761
4 0.546875 0.3215962441314554 0.01875 0.014084507042253521
4 0.559375 0.29577464788732394 0.0109375 0.01643192488262911
13 0.5171875 0.3286384976525822 0.00625 0.014084507042253521
13 0.503125 0.3333333333333333 0.009375 0.014084507042253521
10 0.6359375 0.3427230046948357 0.0046875 0.014084507042253521