2 0.940625 0.8826291079812206 0.1125 0.21830985915492956
9 0.3625 0.8568075117370892 0.1140625 0.2605633802816901
5 0.2609375 0.6690140845070423 0.0921875 0.1431924882629108
17 0.1015625 0.6150234741784038 0.0703125 0.11737089201877934
17 0.190625 0.596244131455399 0.0625 0.11267605633802817
16 0.3703125 0.596244131455399 0.0609375 0.1056338028169014
17 0.925 0.6924882629107981 0.1078125 0.14084507042253522
10 0.81875 0.8075117370892019 0.0421875 0.107981220657277
4 0.65625 0.6948356807511737 0.2859375 0.528169014084507
5 0.765625 0.6032863849765259 0.103125 0.12441314553990611
3 0.775 0.5328638497652582 0.040625 0.0539906103286385
4 0.63125 0.392018779342723 0.09375 0.12910798122065728
4 0.5640625 0.38497652582159625 0.065625 0.09389671361502347
17 0.4921875 0.4671361502347418 0.034375 0.08215962441314555
9 0.3921875 0.49295774647887325 0.046875 0.09154929577464789
17 0.31875 0.5117370892018779 0.05 0.09624413145539906
17 0.184375 0.4835680751173709 0.04375 0.07042253521126761
17 0.1734375 0.4460093896713615 0.0359375 0.06103286384976526
17 0.3015625 0.47183098591549294 0.0328125 0.07042253521126761
5 0.2578125 0.45305164319248825 0.05625 0.06338028169014084
5 0.2421875 0.41784037558685444 0.053125 0.056338028169014086
5 0.2078125 0.39906103286384975 0.0375 0.04225352112676056
5 0.48125 0.4061032863849765 0.028125 0.03990610328638498
15 0.3875 0.4225352112676056 0.0375 0.04929577464788732
17 0.3359375 0.4295774647887324 0.0328125 0.06807511737089202
17 0.30625 0.4131455399061033 0.028125 0.04225352112676056
5 0.475 0.36384976525821594 0.0359375 0.04225352112676056
4 0.346875 0.3568075117370892 0.05 0.07746478873239436
4 0.2875 0.33568075117370894 0.0578125 0.07042253521126761
5 0.2453125 0.352112676056338 0.025 0.03286384976525822
5 0.390625 0.36384976525821594 0.0328125 0.04225352112676056
5 0.3859375 0.33098591549295775 0.0265625 0.025821596244131457
4 0.31875 0.2746478873239437 0.0421875 0.051643192488262914
4 0.5671875 0.26291079812206575 0.0609375 0.03755868544600939
5 0.3859375 0.30985915492957744 0.0203125 0.01643192488262911