17 0.8828125 0.9161849710982659 0.1015625 0.1531791907514451
17 0.096875 0.7283236994219653 0.084375 0.12716763005780346
17 0.196875 0.5780346820809249 0.04375 0.08092485549132948
17 0.221875 0.5144508670520231 0.021875 0.057803468208092484
17 0.3578125 0.5404624277456648 0.034375 0.07514450867052024
17 0.3296875 0.5 0.025 0.06358381502890173
17 0.3203125 0.45664739884393063 0.021875 0.028901734104046242
17 0.3734375 0.45375722543352603 0.0265625 0.046242774566473986
17 0.4515625 0.4479768786127168 0.0203125 0.049132947976878616
17 0.434375 0.43641618497109824 0.0125 0.04335260115606936
17 0.7578125 0.7398843930635838 0.0515625 0.14739884393063585
17 0.8171875 0.6907514450867052 0.040625 0.08092485549132948
17 0.7859375 0.6213872832369942 0.05 0.04335260115606936
17 0.6125 0.7687861271676301 0.034375 0.10115606936416185
14 0.55 0.5838150289017341 0.021875 0.06069364161849711
10 0.615625 0.4508670520231214 0.0140625 0.03468208092485549
13 0.6546875 0.40173410404624277 0.015625 0.04046242774566474
4 0.603125 0.3670520231213873 0.01875 0.04335260115606936
10 0.5921875 0.3468208092485549 0.00625 0.017341040462427744
13 0.8515625 0.7803468208092486 0.0453125 0.11560693641618497
13 0.80625 0.846820809248555 0.04375 0.1936416184971098
5 0.7015625 0.49421965317919075 0.0421875 0.06069364161849711
17 0.5359375 0.34104046242774566 0.009375 0.017341040462427744
4 0.5171875 0.3699421965317919 0.025 0.046242774566473986
13 0.49375 0.37283236994219654 0.0109375 0.028901734104046242
13 0.453125 0.4046242774566474 0.015625 0.03757225433526012
4 0.40625 0.41329479768786126 0.04375 0.06358381502890173
19 0.2546875 0.546242774566474 0.0421875 0.08959537572254335
13 0.153125 0.5953757225433526 0.0390625 0.06936416184971098
5 0.0796875 0.6242774566473989 0.0953125 0.08092485549132948
10 0.9515625 0.7514450867052023 0.04375 0.08670520231213873
10 0.9234375 0.708092485549133 0.0296875 0.07803468208092486
10 0.8515625 0.6994219653179191 0.0265625 0.057803468208092484
10 0.8078125 0.5606936416184971 0.0125 0.05202312138728324