5 0.634375 0.793010752688172 0.1875 0.22311827956989247
4 0.4453125 0.7150537634408602 0.0375 0.043010752688172046
5 0.3828125 0.7553763440860215 0.05625 0.07526881720430108
11 0.36875 0.706989247311828 0.0421875 0.01881720430107527
17 0.15625 0.7553763440860215 0.04375 0.09408602150537634
11 0.2328125 0.7204301075268817 0.0578125 0.14516129032258066
17 0.2765625 0.728494623655914 0.009375 0.021505376344086023
17 0.26875 0.7311827956989247 0.0078125 0.021505376344086023
15 0.284375 0.728494623655914 0.0046875 0.010752688172043012
4 0.334375 0.7150537634408602 0.0265625 0.09408602150537634
4 0.30625 0.7123655913978495 0.0265625 0.07795698924731183