4 0.7953125 0.7597087378640777 0.2171875 0.13592233009708737
4 0.578125 0.8033980582524272 0.1671875 0.13349514563106796
4 0.384375 0.837378640776699 0.2109375 0.13349514563106796
4 0.034375 0.8300970873786407 0.0671875 0.14320388349514562
11 0.0390625 0.6990291262135923 0.075 0.13592233009708737
19 0.046875 0.5679611650485437 0.0703125 0.13106796116504854
9 0.1046875 0.4733009708737864 0.0484375 0.12135922330097088
5 0.3359375 0.5922330097087378 0.071875 0.0825242718446602
19 0.2546875 0.5024271844660194 0.075 0.09951456310679611
4 0.409375 0.5242718446601942 0.153125 0.11407766990291263
4 0.5359375 0.46601941747572817 0.140625 0.0703883495145631
4 0.6875 0.5412621359223301 0.1671875 0.08737864077669903
7 0.0921875 0.3179611650485437 0.0453125 0.09223300970873786
11 0.1875 0.35194174757281554 0.0421875 0.0970873786407767
4 0.278125 0.4174757281553398 0.1 0.17233009708737865
4 0.1390625 0.21601941747572814 0.0484375 0.1820388349514563
4 0.1859375 0.22815533980582525 0.0375 0.12378640776699029
4 0.221875 0.14320388349514562 0.0375 0.12378640776699029
4 0.26875 0.06310679611650485 0.059375 0.05825242718446602
4 0.253125 0.01820388349514563 0.053125 0.03640776699029126
4 0.3328125 0.13349514563106796 0.1015625 0.10436893203883495
4 0.4125 0.24514563106796117 0.0828125 0.1262135922330097
5 0.1640625 0.07524271844660194 0.028125 0.055825242718446605
19 0.1359375 0.11165048543689321 0.0296875 0.03640776699029126
4 0.046875 0.06310679611650485 0.09375 0.12378640776699029
17 0.18125 0.012135922330097087 0.0234375 0.024271844660194174
4 0.7 0.4684466019417476 0.1359375 0.06067961165048544
4 0.5234375 0.3422330097087379 0.125 0.16747572815533981
4 0.6625 0.3859223300970874 0.1484375 0.10922330097087378
4 0.86875 0.5097087378640777 0.1328125 0.0970873786407767
4 0.93125 0.441747572815534 0.134375 0.06553398058252427
4 0.9546875 0.39563106796116504 0.0859375 0.03640776699029126
4 0.965625 0.5218446601941747 0.0640625 0.09951456310679611
13 0.15625 0.35194174757281554 0.03125 0.050970873786407765
13 0.171875 0.4854368932038835 0.034375 0.04854368932038835
13 0.190625 0.043689320388349516 0.015625 0.0412621359223301
13 0.2203125 0.050970873786407765 0.0203125 0.043689320388349516
13 0.309375 0.06067961165048544 0.015625 0.03640776699029126
13 0.190625 0.14320388349514562 0.021875 0.03398058252427184
13 0.2390625 0.9101941747572816 0.0484375 0.050970873786407765
3 0.1 0.6941747572815534 0.021875 0.055825242718446605
13 0.2125 0.9466019417475728 0.0546875 0.07766990291262135
13 0.2578125 0.6844660194174758 0.0359375 0.050970873786407765
13 0.309375 0.6723300970873787 0.04375 0.043689320388349516
13 0.2953125 0.633495145631068 0.0625 0.03640776699029126
13 0.23125 0.5849514563106796 0.034375 0.07766990291262135
13 0.2609375 0.5995145631067961 0.0234375 0.04611650485436893
13 0.2953125 0.5388349514563107 0.028125 0.02669902912621359
13 0.3109375 0.3616504854368932 0.0234375 0.0703883495145631
13 0.3328125 0.36893203883495146 0.01875 0.05825242718446602
13 0.346875 0.33980582524271846 0.0203125 0.04854368932038835
13 0.265625 0.3131067961165049 0.028125 0.06067961165048544
13 0.28125 0.279126213592233 0.025 0.05825242718446602
13 0.3859375 0.6140776699029126 0.03125 0.03155339805825243
13 0.3796875 0.5703883495145631 0.03125 0.055825242718446605
13 0.365625 0.36650485436893204 0.0171875 0.0412621359223301
13 0.3875 0.38349514563106796 0.01875 0.050970873786407765
13 0.4125 0.3907766990291262 0.0234375 0.07281553398058252
13 0.4359375 0.38106796116504854 0.01875 0.05825242718446602
13 0.4265625 0.33980582524271846 0.0234375 0.019417475728155338
13 0.5453125 0.9053398058252428 0.05625 0.06067961165048544
3 0.4984375 0.9247572815533981 0.0359375 0.043689320388349516
13 0.41875 0.633495145631068 0.0328125 0.043689320388349516
13 0.4609375 0.6140776699029126 0.0359375 0.04611650485436893
13 0.509375 0.6213592233009708 0.0484375 0.050970873786407765
13 0.4046875 0.4441747572815534 0.040625 0.03398058252427184
13 0.4328125 0.45145631067961167 0.025 0.02912621359223301
13 0.55625 0.6262135922330098 0.0390625 0.04854368932038835
13 0.53125 0.587378640776699 0.0359375 0.03155339805825243
10 0.51875 0.5339805825242718 0.0328125 0.021844660194174758
13 0.5375 0.5606796116504854 0.025 0.0412621359223301
13 0.5765625 0.5849514563106796 0.0359375 0.038834951456310676
13 0.5609375 0.529126213592233 0.04375 0.03640776699029126
13 0.6109375 0.6019417475728155 0.040625 0.038834951456310676
13 0.64375 0.6019417475728155 0.0171875 0.04854368932038835
13 0.671875 0.6286407766990292 0.040625 0.04854368932038835
13 0.7125 0.6383495145631068 0.0359375 0.05339805825242718
13 0.75625 0.6310679611650486 0.0453125 0.05339805825242718
13 0.7828125 0.5679611650485437 0.0171875 0.05339805825242718
13 0.7984375 0.6310679611650486 0.0359375 0.050970873786407765
13 0.7890625 0.587378640776699 0.0203125 0.02669902912621359
13 0.8390625 0.6310679611650486 0.0359375 0.04854368932038835
13 0.95 0.6237864077669902 0.0265625 0.038834951456310676
13 0.984375 0.616504854368932 0.025 0.05339805825242718
13 0.8234375 0.5825242718446602 0.0296875 0.03155339805825243
13 0.7859375 0.4975728155339806 0.025 0.055825242718446605
13 0.7765625 0.4368932038834951 0.021875 0.050970873786407765
13 0.940625 0.5800970873786407 0.0203125 0.043689320388349516
13 0.9109375 0.6019417475728155 0.0234375 0.038834951456310676
13 0.8984375 0.5631067961165048 0.0234375 0.03398058252427184
13 0.85625 0.5606796116504854 0.0171875 0.02912621359223301
17 0.875 0.5946601941747572 0.0515625 0.04611650485436893
13 0.6171875 0.4587378640776699 0.01875 0.043689320388349516
13 0.796875 0.4587378640776699 0.0125 0.03155339805825243