10 0.7078125 0.7138888888888889 0.0359375 0.10555555555555556
17 0.6078125 0.4444444444444444 0.028125 0.06944444444444445
17 0.575 0.5138888888888888 0.0359375 0.08888888888888889
17 0.525 0.5777777777777777 0.040625 0.10833333333333334
17 0.478125 0.5305555555555556 0.0421875 0.09722222222222222
17 0.4171875 0.3333333333333333 0.01875 0.027777777777777776
17 0.4140625 0.37222222222222223 0.0109375 0.041666666666666664
17 0.4296875 0.375 0.01875 0.03611111111111111
5 0.5359375 0.4111111111111111 0.0296875 0.04722222222222222
5 0.346875 0.5333333333333333 0.0671875 0.075
5 0.4203125 0.4222222222222222 0.0375 0.05
5 0.4671875 0.35833333333333334 0.025 0.03611111111111111
5 0.5578125 0.275 0.0109375 0.019444444444444445
17 0.5125 0.2972222222222222 0.0046875 0.019444444444444445
11 0.475 0.2972222222222222 0.0140625 0.030555555555555555