4 0.878125 0.75 0.2359375 0.4888888888888889
19 0.70625 0.6111111111111112 0.1 0.2111111111111111
10 0.6203125 0.7611111111111111 0.04375 0.08888888888888889
10 0.6859375 0.8833333333333333 0.0359375 0.1388888888888889
17 0.6703125 0.9722222222222222 0.0921875 0.04722222222222222
5 0.51875 0.9416666666666667 0.1203125 0.10833333333333334
5 0.309375 0.9611111111111111 0.13125 0.07222222222222222
5 0.2828125 0.825 0.1296875 0.18611111111111112
5 0.4171875 0.8305555555555556 0.103125 0.23055555555555557
5 0.3203125 0.6805555555555556 0.1 0.11944444444444445
5 0.0265625 0.6527777777777778 0.040625 0.11666666666666667
5 0.15625 0.5222222222222223 0.0875 0.09722222222222222
5 0.0609375 0.4111111111111111 0.075 0.06111111111111111
5 0.1140625 0.46111111111111114 0.03125 0.08055555555555556
5 0.115625 0.36666666666666664 0.0546875 0.06111111111111111
5 0.065625 0.3638888888888889 0.04375 0.044444444444444446
5 0.43125 0.6416666666666667 0.0921875 0.15833333333333333
5 0.35 0.5722222222222222 0.075 0.09444444444444444
5 0.371875 0.5 0.08125 0.05555555555555555
5 0.3859375 0.44166666666666665 0.0640625 0.05555555555555555
5 0.3921875 0.3972222222222222 0.0578125 0.03333333333333333
5 0.540625 0.5944444444444444 0.075 0.05555555555555555
5 0.625 0.39444444444444443 0.0390625 0.058333333333333334
5 0.6484375 0.3416666666666667 0.034375 0.044444444444444446
5 0.4625 0.37777777777777777 0.046875 0.03888888888888889
16 0.475 0.3388888888888889 0.0375 0.03611111111111111
5 0.5875 0.2388888888888889 0.0140625 0.044444444444444446
5 0.6109375 0.25833333333333336 0.025 0.025
5 0.6125 0.2972222222222222 0.034375 0.03888888888888889
5 0.5796875 0.31666666666666665 0.025 0.027777777777777776
5 0.35625 0.28888888888888886 0.00625 0.05277777777777778
15 0.7125 0.4638888888888889 0.0875 0.07222222222222222
15 0.69375 0.39444444444444443 0.059375 0.07222222222222222
15 0.5359375 0.45 0.08125 0.05277777777777778
15 0.35625 0.21666666666666667 0.025 0.03333333333333333
4 0.5328125 0.23333333333333334 0.0609375 0.07777777777777778
4 0.546875 0.175 0.0484375 0.03333333333333333
4 0.5078125 0.1527777777777778 0.0375 0.044444444444444446
4 0.4578125 0.19722222222222222 0.0375 0.04722222222222222
8 0.4359375 0.24444444444444444 0.046875 0.05555555555555555
4 0.2734375 0.2638888888888889 0.075 0.1111111111111111
4 0.1625 0.3055555555555556 0.115625 0.11666666666666667
4 0.56875 0.14444444444444443 0.03125 0.025
4 0.5390625 0.14166666666666666 0.025 0.030555555555555555
15 0.125 0.6805555555555556 0.1265625 0.16111111111111112
10 0.0828125 0.5694444444444444 0.0375 0.03333333333333333
9 0.015625 0.5083333333333333 0.025 0.12777777777777777
19 0.25 0.38055555555555554 0.0609375 0.07777777777777778
19 0.23125 0.4777777777777778 0.0625 0.10555555555555556
19 0.45625 0.4388888888888889 0.05625 0.07777777777777778
19 0.409375 0.3416666666666667 0.05625 0.06666666666666667
5 0.490625 0.29444444444444445 0.04375 0.03888888888888889
15 0.5296875 0.3638888888888889 0.059375 0.06111111111111111
15 0.4328125 0.29444444444444445 0.0359375 0.03333333333333333
5 0.471875 0.25833333333333336 0.0125 0.041666666666666664
11 0.446875 0.5222222222222223 0.0703125 0.06944444444444445
17 0.5828125 0.37222222222222223 0.03125 0.06944444444444445
17 0.653125 0.3 0.0359375 0.03333333333333333
4 0.584375 0.18055555555555555 0.0234375 0.03333333333333333
9 0.5515625 0.5166666666666667 0.0765625 0.09166666666666666
9 0.6234375 0.5166666666666667 0.065625 0.175
7 0.5390625 0.7583333333333333 0.09375 0.2638888888888889
15 0.3296875 0.2388888888888889 0.03125 0.03888888888888889
15 0.540625 0.29444444444444445 0.034375 0.022222222222222223