17 0.5640625 0.8638888888888889 0.0796875 0.17777777777777778
5 0.7953125 0.9222222222222223 0.109375 0.1361111111111111
5 0.9578125 0.9444444444444444 0.0796875 0.09166666666666666
5 0.95 0.8583333333333333 0.0953125 0.125
9 0.803125 0.7694444444444445 0.096875 0.17222222222222222
17 0.9296875 0.7777777777777778 0.0734375 0.14722222222222223
11 0.9109375 0.6805555555555556 0.1 0.17222222222222222
5 0.7421875 0.7527777777777778 0.0375 0.13333333333333333
4 0.5921875 0.6527777777777778 0.146875 0.4722222222222222
11 0.6796875 0.7055555555555556 0.0265625 0.15833333333333333
9 0.8234375 0.6527777777777778 0.071875 0.09722222222222222
9 0.759375 0.625 0.071875 0.11944444444444445
17 0.8421875 0.5805555555555556 0.046875 0.05555555555555555
17 0.7921875 0.5472222222222223 0.040625 0.05277777777777778
17 0.7515625 0.55 0.04375 0.03333333333333333
17 0.7140625 0.5611111111111111 0.028125 0.10555555555555556
11 0.6828125 0.5833333333333334 0.028125 0.1
5 0.7546875 0.48333333333333334 0.0453125 0.06388888888888888
5 0.690625 0.4666666666666667 0.04375 0.075
17 0.7265625 0.4166666666666667 0.0296875 0.08055555555555556
17 0.7953125 0.36666666666666664 0.034375 0.06666666666666667
11 0.7546875 0.36666666666666664 0.05625 0.1361111111111111
11 0.6421875 0.39166666666666666 0.046875 0.05
10 0.703125 0.3888888888888889 0.015625 0.044444444444444446
5 0.696875 0.3527777777777778 0.0390625 0.058333333333333334
4 0.721875 0.3 0.046875 0.06944444444444445
4 0.61875 0.35555555555555557 0.0578125 0.12222222222222222
4 0.6953125 0.24166666666666667 0.0359375 0.044444444444444446
5 0.6703125 0.3416666666666667 0.021875 0.05555555555555555
11 0.0765625 0.9222222222222223 0.153125 0.13333333333333333
12 0.1578125 0.8333333333333334 0.1953125 0.30833333333333335
5 0.2765625 0.8055555555555556 0.0609375 0.14444444444444443
5 0.3671875 0.6861111111111111 0.0828125 0.11944444444444445
5 0.371875 0.6 0.0703125 0.06388888888888888
15 0.253125 0.6888888888888889 0.0921875 0.08055555555555556
5 0.2859375 0.6694444444444444 0.0578125 0.09722222222222222
11 0.2796875 0.5305555555555556 0.0640625 0.075
15 0.275 0.5972222222222222 0.071875 0.06111111111111111
5 0.3609375 0.5777777777777777 0.059375 0.06666666666666667
5 0.0296875 0.7972222222222223 0.059375 0.07222222222222222
17 0.034375 0.7388888888888889 0.0578125 0.08055555555555556
9 0.1484375 0.6444444444444445 0.08125 0.05555555555555555
5 0.02578125 0.6861111111111111 0.0515625 0.06666666666666667
5 0.071875 0.6444444444444445 0.071875 0.06388888888888888
5 0.0203125 0.5888888888888889 0.040625 0.07222222222222222
5 0.0921875 0.5972222222222222 0.0640625 0.027777777777777776
9 0.1796875 0.6166666666666667 0.0734375 0.06944444444444445
11 0.1765625 0.5583333333333333 0.0609375 0.05277777777777778
5 0.225 0.5722222222222222 0.0328125 0.08333333333333333
5 0.334375 0.5333333333333333 0.0453125 0.07777777777777778
5 0.6453125 0.225 0.0140625 0.027777777777777776
11 0.040625 0.5138888888888888 0.0609375 0.125
17 0.0984375 0.5388888888888889 0.046875 0.08333333333333333
17 0.1796875 0.5027777777777778 0.040625 0.030555555555555555
9 0.1234375 0.475 0.0640625 0.08055555555555556
15 0.1828125 0.4638888888888889 0.0515625 0.05
4 0.1453125 0.38333333333333336 0.1171875 0.09166666666666666
17 0.290625 0.43333333333333335 0.03125 0.03333333333333333
4 0.3125 0.35833333333333334 0.0640625 0.08055555555555556
4 0.375 0.2722222222222222 0.0453125 0.06944444444444445