11 0.459375 0.19856459330143542 0.0375 0.050239234449760764
11 0.4875 0.17942583732057416 0.021875 0.03349282296650718
4 0.5234375 0.0430622009569378 0.025 0.019138755980861243
9 0.4953125 0.2751196172248804 0.0140625 0.0430622009569378
13 0.4796875 0.2607655502392344 0.0140625 0.0215311004784689
13 0.7953125 0.9425837320574163 0.0484375 0.09808612440191387
13 0.8703125 0.9545454545454546 0.0640625 0.06937799043062201
13 0.884375 0.8995215311004785 0.04375 0.06698564593301436
13 0.90625 0.8516746411483254 0.059375 0.05502392344497608
13 0.603125 0.7799043062200957 0.0390625 0.07416267942583732
13 0.4625 0.9808612440191388 0.0421875 0.03110047846889952
13 0.1125 0.7057416267942583 0.015625 0.09090909090909091
13 0.859375 0.7655502392344498 0.0375 0.07894736842105263
13 0.9609375 0.6578947368421053 0.0328125 0.045454545454545456
13 0.9203125 0.7129186602870813 0.040625 0.05980861244019139
13 0.8984375 0.638755980861244 0.0328125 0.045454545454545456
13 0.6953125 0.638755980861244 0.034375 0.05980861244019139
13 0.74375 0.5669856459330144 0.0296875 0.06220095693779904
13 0.94375 0.45215311004784686 0.028125 0.0430622009569378
13 0.95 0.6124401913875598 0.0328125 0.050239234449760764
13 0.8328125 0.6172248803827751 0.028125 0.028708133971291867
13 0.940625 0.3827751196172249 0.01875 0.03588516746411483
13 0.971875 0.3875598086124402 0.021875 0.0215311004784689
13 0.9203125 0.4090909090909091 0.0140625 0.0215311004784689
13 0.971875 0.30861244019138756 0.0203125 0.02631578947368421
13 0.903125 0.23684210526315788 0.0171875 0.019138755980861243
13 0.9328125 0.215311004784689 0.0125 0.019138755980861243
13 0.9296875 0.2703349282296651 0.0046875 0.01674641148325359
13 0.6921875 0.2679425837320574 0.0171875 0.02631578947368421
13 0.315625 0.5263157894736842 0.0328125 0.03110047846889952
13 0.3203125 0.48564593301435405 0.0296875 0.03827751196172249
13 0.3453125 0.45454545454545453 0.0296875 0.03588516746411483
13 0.396875 0.42105263157894735 0.0234375 0.050239234449760764
13 0.465625 0.5119617224880383 0.0328125 0.03110047846889952
13 0.440625 0.5239234449760766 0.028125 0.0215311004784689
4 0.6546875 0.03827751196172249 0.059375 0.019138755980861243
4 0.6484375 0.07416267942583732 0.0328125 0.023923444976076555
4 0.6890625 0.06220095693779904 0.028125 0.03349282296650718
4 0.71875 0.0645933014354067 0.025 0.014354066985645933
18 0.7296875 0.08373205741626795 0.034375 0.007177033492822967
18 0.7578125 0.12200956937799043 0.040625 0.06220095693779904
4 0.7921875 0.17703349282296652 0.04375 0.04784688995215311
8 0.8296875 0.5382775119617225 0.059375 0.11722488038277512
8 0.8875 0.45454545454545453 0.0390625 0.08133971291866028
8 0.775 0.7033492822966507 0.0875 0.15550239234449761
11 0.515625 0.9210526315789473 0.084375 0.11961722488038277
11 0.9796875 0.43301435406698563 0.0359375 0.06220095693779904
13 0.9359375 0.5023923444976076 0.025 0.03110047846889952
11 0.975 0.5550239234449761 0.046875 0.08373205741626795
13 0.9234375 0.5813397129186603 0.015625 0.05502392344497608
17 0.778125 0.5861244019138756 0.0390625 0.05741626794258373
13 0.840625 0.6794258373205742 0.0234375 0.0430622009569378
13 0.8625 0.7081339712918661 0.028125 0.03588516746411483
5 0.9765625 0.7440191387559809 0.0421875 0.12440191387559808
8 0.9453125 0.34688995215311 0.040625 0.045454545454545456
11 0.8359375 0.44258373205741625 0.0546875 0.08133971291866028
11 0.8875 0.3277511961722488 0.046875 0.050239234449760764
11 0.88125 0.24641148325358853 0.025 0.023923444976076555
11 0.9140625 0.20813397129186603 0.021875 0.03349282296650718
11 0.6734375 0.9114832535885168 0.184375 0.1674641148325359
19 0.6609375 0.8014354066985646 0.065625 0.04784688995215311
10 0.0234375 0.9688995215311005 0.04375 0.05502392344497608
5 0.0453125 0.7703349282296651 0.090625 0.06698564593301436
5 0.053125 0.861244019138756 0.10625 0.12200956937799043
5 0.1359375 0.7894736842105263 0.1 0.0861244019138756
19 0.134375 0.9545454545454546 0.1359375 0.08373205741626795
7 0.215625 0.8110047846889952 0.05 0.0645933014354067
7 0.321875 0.6004784688995215 0.0453125 0.12440191387559808
7 0.3265625 0.6818181818181818 0.090625 0.07416267942583732
4 0.2 0.645933014354067 0.1609375 0.18660287081339713
4 0.3375 0.84688995215311 0.2078125 0.28708133971291866
4 0.4859375 0.638755980861244 0.2109375 0.2511961722488038
5 0.3640625 0.583732057416268 0.0375 0.08373205741626795
5 0.39375 0.5143540669856459 0.0625 0.05741626794258373
17 0.4359375 0.46411483253588515 0.040625 0.06937799043062201
4 0.4671875 0.3708133971291866 0.0828125 0.11722488038277512
4 0.525 0.4473684210526316 0.03125 0.12679425837320574
4 0.55625 0.2751196172248804 0.103125 0.08373205741626795
4 0.6375 0.19856459330143542 0.059375 0.0645933014354067
4 0.65625 0.1291866028708134 0.0359375 0.03588516746411483
4 0.6515625 0.09569377990430622 0.03125 0.01674641148325359
4 0.70625 0.12440191387559808 0.04375 0.05502392344497608
11 0.73125 0.1722488038277512 0.0390625 0.03827751196172249
11 0.684375 0.20574162679425836 0.025 0.03827751196172249
11 0.7359375 0.23444976076555024 0.0328125 0.028708133971291867
0 0.721875 0.26555023923444976 0.040625 0.03349282296650718
13 0.621875 0.11244019138755981 0.0109375 0.011961722488038277
17 0.5859375 0.22727272727272727 0.025 0.02631578947368421
11 0.65625 0.30861244019138756 0.05625 0.03588516746411483
4 0.7375 0.35167464114832536 0.0625 0.13875598086124402
11 0.7765625 0.34210526315789475 0.0140625 0.07177033492822966
4 0.778125 0.24880382775119617 0.0515625 0.06220095693779904
4 0.675 0.42822966507177035 0.0609375 0.17942583732057416
4 0.6140625 0.4904306220095694 0.10625 0.19138755980861244
11 0.409375 0.569377990430622 0.0453125 0.03588516746411483
11 0.209375 0.4904306220095694 0.075 0.05980861244019139
11 0.621875 0.0645933014354067 0.0234375 0.03110047846889952
8 0.8671875 0.18660287081339713 0.028125 0.03110047846889952