19 0.1796875 0.4689265536723164 0.065625 0.07062146892655367
10 0.165625 0.5169491525423728 0.0203125 0.0423728813559322
18 0.353125 0.3757062146892655 0.0703125 0.062146892655367235
10 0.3640625 0.4124293785310734 0.0171875 0.022598870056497175
18 0.125 0.9463276836158192 0.25 0.08757062146892655
18 0.1234375 0.7711864406779662 0.246875 0.3474576271186441
18 0.303125 0.6779661016949152 0.1171875 0.2457627118644068
18 0.4453125 0.6581920903954802 0.1265625 0.23728813559322035
18 0.4796875 0.5084745762711864 0.1015625 0.14689265536723164
18 0.45625 0.4745762711864407 0.0921875 0.15819209039548024
18 0.540625 0.4774011299435028 0.059375 0.15819209039548024
18 0.66875 0.403954802259887 0.0625 0.11581920903954802
18 0.6015625 0.4152542372881356 0.05 0.11864406779661017
18 0.546875 0.3757062146892655 0.05625 0.0423728813559322
18 0.709375 0.3926553672316384 0.0234375 0.06779661016949153
18 0.73125 0.3672316384180791 0.0328125 0.07909604519774012
18 0.7578125 0.3531073446327684 0.025 0.07062146892655367
18 0.784375 0.3418079096045198 0.025 0.059322033898305086
18 0.83125 0.3220338983050847 0.034375 0.062146892655367235