5 0.8296875 0.8200934579439252 0.11875 0.17289719626168223
5 0.9453125 0.9672897196261683 0.10625 0.04672897196261682
5 0.9734375 0.7897196261682243 0.05 0.14953271028037382
5 0.9453125 0.6869158878504673 0.103125 0.1261682242990654
19 0.921875 0.5864485981308412 0.071875 0.10514018691588785
9 0.7453125 0.5584112149532711 0.0828125 0.1378504672897196
17 0.95 0.5350467289719626 0.0515625 0.10046728971962617
5 0.678125 0.5 0.06875 0.08411214953271028
5 0.7859375 0.5023364485981309 0.0625 0.08878504672897196
4 0.8328125 0.4158878504672897 0.103125 0.16355140186915887
5 0.725 0.4252336448598131 0.0484375 0.07710280373831775
19 0.9234375 0.3411214953271028 0.071875 0.056074766355140186
4 0.778125 0.3691588785046729 0.05 0.1191588785046729
19 0.6953125 0.3878504672897196 0.0546875 0.07710280373831775
9 0.625 0.3901869158878505 0.0546875 0.08177570093457943
5 0.65625 0.37616822429906543 0.0234375 0.05841121495327103
5 0.7421875 0.352803738317757 0.0234375 0.04672897196261682
5 0.625 0.3364485981308411 0.0390625 0.035046728971962614
19 0.6828125 0.32710280373831774 0.040625 0.04672897196261682
4 0.8078125 0.3014018691588785 0.059375 0.0514018691588785
10 0.71875 0.3107476635514019 0.0125 0.030373831775700934
4 0.803125 0.23598130841121495 0.0484375 0.037383177570093455
4 0.71875 0.22897196261682243 0.05 0.04205607476635514
19 0.69375 0.2780373831775701 0.028125 0.04205607476635514
4 0.6625 0.24532710280373832 0.0390625 0.0630841121495327
4 0.48125 0.20794392523364486 0.0515625 0.04672897196261682
4 0.390625 0.21728971962616822 0.0390625 0.04672897196261682
4 0.346875 0.2219626168224299 0.0546875 0.056074766355140186
4 0.446875 0.2523364485981308 0.040625 0.06074766355140187
4 0.315625 0.26869158878504673 0.05 0.04439252336448598
19 0.421875 0.23130841121495327 0.0234375 0.028037383177570093
5 0.4921875 0.24766355140186916 0.0140625 0.028037383177570093
19 0.528125 0.24532710280373832 0.0234375 0.030373831775700934
9 0.359375 0.2757009345794392 0.0296875 0.028037383177570093
9 0.4125 0.27102803738317754 0.0390625 0.02570093457943925
11 0.384375 0.2616822429906542 0.0234375 0.02570093457943925
9 0.4609375 0.27102803738317754 0.0296875 0.02570093457943925
9 0.375 0.28738317757009346 0.03125 0.02570093457943925
5 0.515625 0.26635514018691586 0.0234375 0.018691588785046728
11 0.521875 0.29906542056074764 0.0375 0.035046728971962614
5 0.4953125 0.29906542056074764 0.0125 0.02570093457943925
4 0.23125 0.3130841121495327 0.08125 0.053738317757009345
4 0.2921875 0.2967289719626168 0.015625 0.056074766355140186
4 0.278125 0.32710280373831774 0.01875 0.08644859813084112
4 0.384375 0.34345794392523366 0.0703125 0.07242990654205607
5 0.340625 0.3644859813084112 0.0140625 0.0397196261682243
5 0.4578125 0.3808411214953271 0.040625 0.053738317757009345
11 0.5125 0.3644859813084112 0.0625 0.0911214953271028
0 0.5265625 0.4135514018691589 0.05625 0.08878504672897196
9 0.4125 0.3878504672897196 0.0515625 0.04439252336448598
19 0.3078125 0.42757009345794394 0.0515625 0.07476635514018691
5 0.321875 0.4439252336448598 0.059375 0.0397196261682243
5 0.3671875 0.42289719626168226 0.0484375 0.06074766355140187
5 0.3171875 0.3855140186915888 0.046875 0.04205607476635514
15 0.4203125 0.42757009345794394 0.0546875 0.05841121495327103
5 0.390625 0.4696261682242991 0.053125 0.0630841121495327
4 0.1578125 0.36682242990654207 0.0328125 0.0630841121495327
4 0.228125 0.37616822429906543 0.109375 0.0794392523364486
4 0.225 0.4672897196261682 0.0984375 0.12383177570093458
15 0.328125 0.5233644859813084 0.0765625 0.08878504672897196
5 0.3203125 0.4649532710280374 0.0625 0.04439252336448598
15 0.296875 0.572429906542056 0.090625 0.09579439252336448
4 0.1078125 0.4205607476635514 0.1140625 0.08177570093457943
4 0.13125 0.4976635514018692 0.121875 0.10981308411214953
4 0.16875 0.6308411214953271 0.1328125 0.24065420560747663
17 0.3953125 0.5560747663551402 0.05625 0.07242990654205607
17 0.4203125 0.5397196261682243 0.0515625 0.07476635514018691
9 0.4265625 0.5233644859813084 0.071875 0.09579439252336448
5 0.4953125 0.4485981308411215 0.0546875 0.06074766355140187
5 0.50625 0.4766355140186916 0.05625 0.06775700934579439
5 0.53125 0.4883177570093458 0.0625 0.037383177570093455
5 0.521875 0.514018691588785 0.0671875 0.04205607476635514
15 0.515625 0.5934579439252337 0.0875 0.10514018691588785
5 0.4109375 0.5981308411214953 0.08125 0.053738317757009345
5 0.278125 0.6238317757009346 0.084375 0.09345794392523364
5 0.3359375 0.6705607476635514 0.0515625 0.09345794392523364
5 0.465625 0.6635514018691588 0.0859375 0.09579439252336448
9 0.3828125 0.7149532710280374 0.1015625 0.1542056074766355
11 0.509375 0.75 0.11875 0.1985981308411215
5 0.5828125 0.7219626168224299 0.0265625 0.12850467289719625
5 0.5578125 0.8785046728971962 0.128125 0.15654205607476634
5 0.5890625 0.9462616822429907 0.14375 0.09345794392523364
5 0.38125 0.9205607476635514 0.1328125 0.13551401869158877
15 0.2109375 0.7570093457943925 0.1140625 0.14953271028037382
11 0.28125 0.8200934579439252 0.1296875 0.22897196261682243
17 0.0375 0.48130841121495327 0.0625 0.037383177570093455
5 0.0390625 0.5233644859813084 0.0625 0.04205607476635514
5 0.03125 0.5630841121495327 0.0625 0.04906542056074766
15 0.015625 0.6074766355140186 0.03125 0.08878504672897196
17 0.0609375 0.6425233644859814 0.0640625 0.11682242990654206
5 0.02421875 0.7091121495327103 0.0484375 0.10981308411214953
5 0.0078125 0.7897196261682243 0.015625 0.12850467289719625
5 0.10625 0.8808411214953271 0.1140625 0.1378504672897196
17 0.0546875 0.9252336448598131 0.0984375 0.13551401869158877
5 0.2640625 0.9719626168224299 0.134375 0.04205607476635514