4 0.2390625 0.6975 0.315625 0.3775
18 0.7125 0.805 0.246875 0.345
18 0.9109375 0.5075 0.171875 0.215
11 0.5671875 0.605 0.2140625 0.355
11 0.4609375 0.5225 0.1703125 0.32
11 0.35625 0.435 0.1375 0.185
4 0.2578125 0.4125 0.0671875 0.16
18 0.225 0.3525 0.090625 0.185
18 0.1484375 0.3175 0.06875 0.1125
11 0.6 0.295 0.0734375 0.1525
11 0.7390625 0.2675 0.0921875 0.125
18 0.665625 0.2525 0.0625 0.11
17 0.7484375 0.35 0.0390625 0.07
19 0.696875 0.3625 0.053125 0.09
19 0.91875 0.365 0.0921875 0.0925
5 0.14375 0.44 0.0625 0.0675
19 0.0484375 0.555 0.0796875 0.1375
11 0.5453125 0.305 0.04375 0.1
7 0.5109375 0.2925 0.0375 0.07
19 0.421875 0.3075 0.075 0.075
4 0.35 0.2725 0.215625 0.1225
11 0.496875 0.2575 0.04375 0.08
11 0.1015625 0.1875 0.0375 0.07
11 0.084375 0.1675 0.03125 0.07
5 0.096875 0.235 0.028125 0.0375