16 0.515625 0.9719917012448133 0.125 0.04771784232365145
17 0.328125 0.8547717842323651 0.075 0.15767634854771784
17 0.2953125 0.7738589211618258 0.0640625 0.11825726141078838
17 0.425 0.6244813278008299 0.0359375 0.06224066390041494
17 0.3859375 0.6120331950207469 0.0375 0.06639004149377593
17 0.33125 0.6141078838174274 0.0390625 0.06846473029045644
17 0.3296875 0.5705394190871369 0.028125 0.026970954356846474
5 0.2375 0.6950207468879668 0.084375 0.07261410788381743
5 0.1296875 0.6016597510373444 0.0875 0.04771784232365145
5 0.49375 0.7116182572614108 0.0703125 0.08713692946058091
11 0.4171875 0.7406639004149378 0.0875 0.17219917012448133
10 0.259375 0.58298755186722 0.0171875 0.03319502074688797
10 0.3125 0.553941908713693 0.0125 0.026970954356846474
10 0.33125 0.516597510373444 0.009375 0.022821576763485476
19 0.2515625 0.516597510373444 0.0421875 0.04149377593360996
5 0.375 0.5352697095435685 0.034375 0.04564315352697095
5 0.425 0.5228215767634855 0.03125 0.03734439834024896
5 0.3765625 0.4854771784232365 0.025 0.029045643153526972
15 0.428125 0.491701244813278 0.028125 0.03112033195020747
5 0.43125 0.46680497925311204 0.0203125 0.01867219917012448
1 0.3921875 0.4605809128630705 0.0203125 0.026970954356846474
5 0.4171875 0.44813278008298757 0.0140625 0.014522821576763486
5 0.4015625 0.4460580912863071 0.0125 0.016597510373443983
5 0.428125 0.43983402489626555 0.0125 0.012448132780082987
5 0.4375 0.4336099585062241 0.0125 0.012448132780082987
4 0.4 0.4107883817427386 0.0140625 0.02074688796680498
13 0.771875 0.9439834024896265 0.1328125 0.10580912863070539
10 0.6921875 0.9128630705394191 0.0390625 0.08713692946058091
10 0.671875 0.8485477178423236 0.0390625 0.08921161825726141
5 0.8234375 0.8630705394190872 0.1796875 0.17634854771784234
5 0.9765625 0.941908713692946 0.0390625 0.10995850622406639
19 0.871875 0.7780082987551867 0.1734375 0.1887966804979253
5 0.959375 0.7966804979253111 0.0765625 0.14315352697095435
11 0.70625 0.6991701244813278 0.1078125 0.16597510373443983
5 0.621875 0.6597510373443983 0.0578125 0.08506224066390042
0 0.6 0.5995850622406639 0.046875 0.07883817427385892
9 0.5546875 0.5684647302904564 0.046875 0.07261410788381743
5 0.6546875 0.5912863070539419 0.0578125 0.04771784232365145
17 0.9515625 0.6846473029045643 0.071875 0.08298755186721991
4 0.9453125 0.6161825726141079 0.10625 0.13692946058091288
16 0.8578125 0.6846473029045643 0.1140625 0.08298755186721991
5 0.853125 0.6369294605809128 0.090625 0.06639004149377593
5 0.7703125 0.6908713692946058 0.05625 0.0975103734439834
5 0.759375 0.6327800829875518 0.08125 0.07053941908713693
17 0.7890625 0.6058091286307054 0.046875 0.06846473029045644
17 0.86875 0.6058091286307054 0.046875 0.056016597510373446
17 0.8703125 0.5705394190871369 0.04375 0.026970954356846474
5 0.7109375 0.5892116182572614 0.05625 0.05394190871369295
4 0.778125 0.5477178423236515 0.121875 0.10995850622406639
11 0.5953125 0.5435684647302904 0.0484375 0.04149377593360996
11 0.6640625 0.553941908713693 0.0453125 0.04771784232365145
5 0.6984375 0.5414937759336099 0.0375 0.03734439834024896
0 0.7 0.5186721991701245 0.034375 0.03734439834024896
5 0.6265625 0.5352697095435685 0.0359375 0.04149377593360996
9 0.6609375 0.5103734439834025 0.0421875 0.03112033195020747
9 0.603125 0.504149377593361 0.0359375 0.03734439834024896
5 0.6296875 0.5020746887966805 0.0234375 0.029045643153526972
9 0.5421875 0.5311203319502075 0.034375 0.03941908713692946
5 0.56875 0.5186721991701245 0.03125 0.035269709543568464
5 0.6734375 0.487551867219917 0.0328125 0.016597510373443983
17 0.65625 0.47925311203319504 0.0203125 0.024896265560165973
5 0.5015625 0.5124481327800829 0.015625 0.03112033195020747
9 0.546875 0.495850622406639 0.0296875 0.03112033195020747
17 0.634375 0.47925311203319504 0.01875 0.01867219917012448
5 0.575 0.4896265560165975 0.021875 0.02074688796680498
4 0.6125 0.46265560165975106 0.0484375 0.03734439834024896
19 0.503125 0.47717842323651455 0.021875 0.022821576763485476
18 0.5515625 0.45435684647302904 0.0234375 0.024896265560165973
4 0.5515625 0.4149377593360996 0.025 0.016597510373443983
11 0.4890625 0.44813278008298757 0.0171875 0.02074688796680498