1 0.6265625 0.73125 0.46875 0.5229166666666667
4 0.121875 0.6 0.24375 0.7895833333333333
5 0.3703125 0.7875 0.3125 0.4166666666666667
16 0.2828125 0.63125 0.1953125 0.15208333333333332
19 0.828125 0.45416666666666666 0.1765625 0.20208333333333334
5 0.95 0.40208333333333335 0.0703125 0.14375
10 0.9640625 0.5416666666666666 0.0484375 0.12291666666666666
19 0.4796875 0.4708333333333333 0.2015625 0.225
17 0.6140625 0.49166666666666664 0.125 0.18125
5 0.3390625 0.4583333333333333 0.190625 0.17708333333333334
4 0.5640625 0.22916666666666666 0.103125 0.09375
5 0.6390625 0.38125 0.1171875 0.08958333333333333
0 0.853125 0.325 0.125 0.1
5 0.5375 0.35208333333333336 0.1 0.05416666666666667
5 0.953125 0.3104166666666667 0.071875 0.07291666666666667
5 0.609375 0.3125 0.0765625 0.052083333333333336
10 0.2875 0.3333333333333333 0.0375 0.052083333333333336
17 0.41875 0.27291666666666664 0.0421875 0.05
17 0.4953125 0.24166666666666667 0.0265625 0.0375
17 0.4640625 0.25 0.0234375 0.0375
5 0.7046875 0.30416666666666664 0.0859375 0.075
5 0.7421875 0.3416666666666667 0.103125 0.07291666666666667
5 0.6578125 0.27708333333333335 0.0625 0.0625
5 0.74375 0.27291666666666664 0.0515625 0.04375
19 0.8390625 0.2520833333333333 0.0734375 0.06458333333333334
19 0.934375 0.24375 0.071875 0.0625
11 0.7078125 0.23958333333333334 0.0578125 0.03958333333333333