5 0.8541666666666666 0.865625 0.275 0.2625
5 0.12083333333333333 0.8640625 0.24166666666666667 0.2625
5 0.09583333333333334 0.634375 0.19166666666666668 0.1796875
5 0.23333333333333334 0.6109375 0.13958333333333334 0.159375
13 0.8083333333333333 0.5640625 0.11041666666666666 0.1265625
13 0.7291666666666666 0.525 0.05416666666666667 0.1015625
5 0.21041666666666667 0.4859375 0.125 0.0953125
9 0.6395833333333333 0.6109375 0.11875 0.2046875
5 0.30416666666666664 0.484375 0.05416666666666667 0.0875
17 0.6229166666666667 0.4890625 0.07083333333333333 0.046875
9 0.6791666666666667 0.4265625 0.07916666666666666 0.08125
4 0.37916666666666665 0.64375 0.23958333333333334 0.434375
7 0.5375 0.46875 0.05625 0.103125
15 0.5770833333333333 0.3859375 0.06458333333333334 0.0578125
9 0.30416666666666664 0.39375 0.06666666666666667 0.0578125
15 0.37083333333333335 0.4046875 0.0625 0.0421875
13 0.525 0.3953125 0.03333333333333333 0.0359375
13 0.4791666666666667 0.4171875 0.03333333333333333 0.01875
19 0.6479166666666667 0.3625 0.0625 0.0421875
10 0.41875 0.3984375 0.020833333333333332 0.03125
9 0.4708333333333333 0.384375 0.04583333333333333 0.0421875
13 0.50625 0.359375 0.020833333333333332 0.040625
5 0.5625 0.34375 0.05 0.025
15 0.3625 0.3609375 0.035416666666666666 0.0359375
5 0.4895833333333333 0.328125 0.04375 0.0234375
5 0.41875 0.35625 0.052083333333333336 0.0375
5 0.3729166666666667 0.33125 0.04375 0.021875
11 0.43125 0.3265625 0.041666666666666664 0.021875
17 0.40208333333333335 0.3046875 0.03125 0.0203125
5 0.6270833333333333 0.33125 0.04583333333333333 0.0171875
5 0.6083333333333333 0.309375 0.041666666666666664 0.0203125
19 0.41458333333333336 0.2859375 0.0375 0.015625
5 0.44583333333333336 0.3078125 0.03125 0.015625
7 0.4979166666666667 0.2890625 0.03333333333333333 0.028125
9 0.5416666666666666 0.3171875 0.035416666666666666 0.025
5 0.4666666666666667 0.284375 0.03125 0.01875
4 0.10416666666666667 0.36875 0.2 0.0796875
5 0.05625 0.3171875 0.075 0.0234375
17 0.0625 0.4609375 0.07708333333333334 0.0484375
5 0.5729166666666666 0.284375 0.025 0.0203125