13 0.9625 0.8083333333333333 0.0703125 0.20625
13 0.8703125 0.9625 0.0984375 0.07083333333333333
13 0.765625 0.8958333333333334 0.090625 0.20208333333333334
13 0.8265625 0.7666666666666667 0.0703125 0.0875
13 0.75 0.7270833333333333 0.0796875 0.13333333333333333
10 0.8234375 0.6833333333333333 0.046875 0.08541666666666667
10 0.7578125 0.5416666666666666 0.03125 0.075
13 0.7140625 0.5208333333333334 0.046875 0.14791666666666667
13 0.953125 0.6270833333333333 0.0859375 0.08125
13 0.9703125 0.4479166666666667 0.0546875 0.10416666666666667
3 0.9109375 0.4479166666666667 0.05625 0.058333333333333334
13 0.8234375 0.44375 0.040625 0.06458333333333334
13 0.753125 0.36666666666666664 0.0359375 0.06875
13 0.6578125 0.25625 0.0203125 0.03333333333333333
13 0.64375 0.22708333333333333 0.0171875 0.01875
13 0.6140625 0.175 0.0140625 0.03333333333333333
13 0.6359375 0.21041666666666667 0.015625 0.014583333333333334
13 0.6 0.175 0.0109375 0.022916666666666665
13 0.5828125 0.14583333333333334 0.009375 0.020833333333333332
4 0.5859375 0.6875 0.2 0.6104166666666667
5 0.375 0.8833333333333333 0.16875 0.22708333333333333
5 0.15 0.9375 0.203125 0.11458333333333333
17 0.2765625 0.7520833333333333 0.14375 0.23958333333333334
15 0.434375 0.5958333333333333 0.125 0.22708333333333333
17 0.315625 0.5791666666666667 0.0859375 0.12291666666666666
10 0.6703125 0.3625 0.0375 0.041666666666666664
4 0.596875 0.31875 0.1015625 0.11666666666666667
15 0.471875 0.42083333333333334 0.0625 0.11458333333333333
11 0.5234375 0.36875 0.028125 0.11041666666666666
5 0.5015625 0.29583333333333334 0.0421875 0.03125
9 0.5078125 0.25 0.0359375 0.05416666666666667
4 0.56875 0.22708333333333333 0.053125 0.06875
4 0.5578125 0.17708333333333334 0.0359375 0.03125
4 0.5546875 0.14791666666666667 0.0390625 0.022916666666666665
4 0.515625 0.17083333333333334 0.03125 0.06666666666666667
4 0.38125 0.37916666666666665 0.1078125 0.20833333333333334
5 0.453125 0.3104166666666667 0.015625 0.07291666666666667
5 0.4625 0.2604166666666667 0.0359375 0.022916666666666665
4 0.4640625 0.20208333333333334 0.0515625 0.08333333333333333
5 0.4921875 0.15416666666666667 0.015625 0.0125
5 0.3265625 0.29375 0.0546875 0.04583333333333333
15 0.07109375 0.6604166666666667 0.1421875 0.24166666666666667
15 0.1828125 0.4583333333333333 0.1203125 0.125