15 0.590625 0.6833333333333333 0.1015625 0.21666666666666667
17 0.6140625 0.5416666666666666 0.046875 0.06388888888888888
13 0.5640625 0.48333333333333334 0.028125 0.06111111111111111
13 0.5421875 0.46111111111111114 0.0171875 0.05277777777777778
13 0.5421875 0.4083333333333333 0.01875 0.022222222222222223
19 0.2953125 0.8722222222222222 0.1703125 0.25
4 0.04453125 0.9 0.0890625 0.19444444444444445
4 0.4375 0.6555555555555556 0.1296875 0.38333333333333336
4 0.4890625 0.49444444444444446 0.075 0.20833333333333334
4 0.496875 0.3472222222222222 0.0375 0.06111111111111111
4 0.4828125 0.30277777777777776 0.034375 0.027777777777777776
4 0.4390625 0.3972222222222222 0.059375 0.10555555555555556
4 0.44375 0.33055555555555555 0.0390625 0.03333333333333333
4 0.4296875 0.2861111111111111 0.0359375 0.04722222222222222
4 0.3984375 0.26944444444444443 0.028125 0.030555555555555555
4 0.3609375 0.33055555555555555 0.0515625 0.030555555555555555
4 0.3796875 0.40555555555555556 0.0609375 0.05277777777777778
4 0.309375 0.5388888888888889 0.1109375 0.21666666666666667
4 0.3046875 0.3888888888888889 0.1 0.08888888888888889
4 0.1453125 0.7305555555555555 0.225 0.4111111111111111