19 0.696875 0.9611111111111111 0.1828125 0.075
15 0.628125 0.6138888888888889 0.1671875 0.275
5 0.6 0.8583333333333333 0.184375 0.2111111111111111
17 0.621875 0.4305555555555556 0.078125 0.08888888888888889
15 0.5390625 0.3888888888888889 0.0765625 0.14166666666666666
5 0.4859375 0.3527777777777778 0.0296875 0.10277777777777777
17 0.425 0.29444444444444445 0.0359375 0.04722222222222222
4 0.43125 0.18055555555555555 0.0859375 0.10277777777777777
4 0.4828125 0.10833333333333334 0.09375 0.041666666666666664
4 0.2796875 0.8444444444444444 0.265625 0.30277777777777776
4 0.4375 0.5694444444444444 0.16875 0.4388888888888889
4 0.221875 0.5861111111111111 0.171875 0.25277777777777777
4 0.065625 0.7305555555555555 0.13125 0.5361111111111111
4 0.2609375 0.38055555555555554 0.1140625 0.175
4 0.15 0.3527777777777778 0.0953125 0.20555555555555555
8 0.36875 0.3055555555555556 0.09375 0.08055555555555556
4 0.2734375 0.26666666666666666 0.0796875 0.05277777777777778
4 0.1984375 0.22777777777777777 0.0734375 0.05
4 0.3484375 0.2 0.065625 0.12777777777777777
4 0.275 0.16666666666666666 0.06875 0.06666666666666667
4 0.278125 0.21944444444444444 0.0671875 0.03888888888888889
4 0.3390625 0.11388888888888889 0.0484375 0.03333333333333333
4 0.2609375 0.1111111111111111 0.05625 0.05
4 0.3484375 0.06944444444444445 0.0359375 0.03333333333333333
11 0.303125 0.1111111111111111 0.025 0.044444444444444446