5 0.2140625 0.5638888888888889 0.0109375 0.016666666666666666
5 0.2265625 0.5555555555555556 0.0109375 0.013888888888888888
5 0.2359375 0.5666666666666667 0.009375 0.019444444444444445
4 0.196875 0.5444444444444444 0.0125 0.025
4 0.2828125 0.5416666666666666 0.0171875 0.022222222222222223
5 0.3125 0.5666666666666667 0.0171875 0.027777777777777776
5 0.328125 0.5555555555555556 0.0125 0.019444444444444445
5 0.3546875 0.5638888888888889 0.021875 0.027777777777777776
5 0.36875 0.5555555555555556 0.009375 0.027777777777777776
10 0.378125 0.575 0.009375 0.027777777777777776
5 0.2515625 0.5611111111111111 0.0203125 0.011111111111111112
5 0.2578125 0.6027777777777777 0.0765625 0.07222222222222222
5 0.08125 0.6361111111111111 0.0859375 0.10555555555555556
17 0.175 0.6416666666666667 0.09375 0.16111111111111112
3 0.459375 0.5694444444444444 0.00625 0.030555555555555555