9 0.1765625 0.8277511961722488 0.0875 0.1674641148325359
3 0.15 0.6889952153110048 0.01875 0.050239234449760764
10 0.359375 0.5358851674641149 0.0609375 0.04784688995215311
13 0.13125 0.35167464114832536 0.046875 0.08133971291866028
13 0.1625 0.22009569377990432 0.08125 0.0861244019138756
13 0.071875 0.22727272727272727 0.0828125 0.05263157894736842
13 0.2359375 0.17703349282296652 0.0671875 0.08373205741626795
13 0.7078125 0.22966507177033493 0.025 0.03588516746411483
13 0.71875 0.17942583732057416 0.0328125 0.05741626794258373
13 0.65625 0.1507177033492823 0.059375 0.07416267942583732
13 0.8578125 0.5143540669856459 0.0734375 0.07177033492822966
13 0.9046875 0.4354066985645933 0.0640625 0.03110047846889952
17 0.253125 0.8086124401913876 0.0578125 0.1076555023923445
17 0.2734375 0.9282296650717703 0.0578125 0.1291866028708134
17 0.365625 0.9497607655502392 0.0546875 0.09090909090909091
17 0.421875 0.5167464114832536 0.05625 0.05263157894736842
17 0.71875 0.2631578947368421 0.05625 0.03827751196172249
5 0.9515625 0.49282296650717705 0.0859375 0.09090909090909091
5 0.565625 0.5717703349282297 0.0609375 0.10287081339712918
5 0.61875 0.5143540669856459 0.0734375 0.09808612440191387
5 0.5046875 0.8253588516746412 0.078125 0.1339712918660287
11 0.553125 0.9401913875598086 0.084375 0.1076555023923445
5 0.76875 0.6244019138755981 0.0796875 0.16267942583732056
5 0.4234375 0.8516746411483254 0.0890625 0.13636363636363635
5 0.3296875 0.8444976076555024 0.08125 0.10287081339712918
5 0.1765625 0.9569377990430622 0.0734375 0.07416267942583732
5 0.03984375 0.3409090909090909 0.0796875 0.05502392344497608
13 0.059375 0.38995215311004783 0.028125 0.050239234449760764
5 0.228125 0.30861244019138756 0.134375 0.0645933014354067
5 0.209375 0.3803827751196172 0.1 0.07416267942583732
5 0.421875 0.3062200956937799 0.1328125 0.10047846889952153
5 0.7765625 0.06937799043062201 0.0953125 0.0861244019138756
5 0.0734375 0.2966507177033493 0.1 0.07416267942583732
20 0.8640625 0.4688995215311005 0.04375 0.03110047846889952
20 0.603125 0.14114832535885166 0.05625 0.05263157894736842