17 0.04296875 0.5875706214689266 0.0859375 0.13559322033898305
17 0.4453125 0.748587570621469 0.071875 0.2175141242937853
17 0.878125 0.7570621468926554 0.0953125 0.21468926553672316
17 0.4609375 0.5423728813559322 0.059375 0.11299435028248588
17 0.75625 0.4124293785310734 0.05 0.08192090395480225
17 0.5578125 0.384180790960452 0.034375 0.031073446327683617
10 0.896875 0.615819209039548 0.0421875 0.07627118644067797
10 0.840625 0.5536723163841808 0.034375 0.07344632768361582
10 0.63125 0.4548022598870056 0.021875 0.05649717514124294
10 0.584375 0.3587570621468927 0.0234375 0.03954802259887006
10 0.7171875 0.3672316384180791 0.021875 0.0423728813559322
10 0.4125 0.2796610169491525 0.0125 0.02824858757062147
3 0.6734375 0.4661016949152542 0.01875 0.05084745762711865
4 0.503125 0.211864406779661 0.0203125 0.031073446327683617
4 0.5265625 0.22033898305084745 0.021875 0.03672316384180791
4 0.5515625 0.24293785310734464 0.025 0.05367231638418079
4 0.596875 0.2401129943502825 0.021875 0.0480225988700565
17 0.6140625 0.2627118644067797 0.009375 0.02824858757062147
4 0.6359375 0.2740112994350282 0.034375 0.059322033898305086
4 0.3640625 0.2401129943502825 0.0296875 0.03389830508474576
4 0.321875 0.2542372881355932 0.0390625 0.031073446327683617
4 0.3359375 0.2937853107344633 0.0671875 0.04519774011299435
4 0.28125 0.3926553672316384 0.1125 0.15819209039548024
4 0.7515625 0.8050847457627118 0.225 0.3757062146892655
4 0.5734375 0.5932203389830508 0.1234375 0.3785310734463277
5 0.3453125 0.7429378531073446 0.1296875 0.24858757062146894
15 0.671875 0.3220338983050847 0.0328125 0.05649717514124294
15 0.2109375 0.3587570621468927 0.0484375 0.07344632768361582
5 0.4390625 0.2853107344632768 0.0234375 0.03672316384180791
9 0.40625 0.3248587570621469 0.0375 0.0480225988700565
15 0.5234375 0.3135593220338983 0.03125 0.0480225988700565
5 0.2890625 0.2994350282485876 0.0234375 0.03672316384180791
10 0.8078125 0.4887005649717514 0.03125 0.05649717514124294
5 0.440625 0.4576271186440678 0.0609375 0.05649717514124294
5 0.4671875 0.3926553672316384 0.04375 0.062146892655367235
5 0.5078125 0.4152542372881356 0.0328125 0.0847457627118644
5 0.48125 0.3389830508474576 0.0328125 0.0480225988700565
5 0.484375 0.2994350282485876 0.0265625 0.022598870056497175
5 0.4984375 0.2344632768361582 0.015625 0.022598870056497175
5 0.5125 0.2514124293785311 0.0140625 0.01977401129943503
5 0.5140625 0.2768361581920904 0.01875 0.022598870056497175