4 0.7703125 0.7733644859813084 0.2546875 0.3107476635514019
4 0.975 0.780373831775701 0.0453125 0.06775700934579439
5 0.6171875 0.8200934579439252 0.053125 0.08644859813084112
5 0.94375 0.7850467289719626 0.0125 0.02570093457943925
5 0.9265625 0.7920560747663551 0.01875 0.030373831775700934
17 0.9078125 0.7920560747663551 0.0203125 0.04205607476635514
5 0.253125 0.8714953271028038 0.24375 0.16822429906542055
10 0.4265625 0.9135514018691588 0.096875 0.15654205607476634
9 0.4625 0.8130841121495327 0.1390625 0.1191588785046729
5 0.1203125 0.8037383177570093 0.096875 0.02336448598130841
15 0.225 0.7663551401869159 0.10625 0.037383177570093455