13 0.875 0.9559585492227979 0.021875 0.04404145077720207
13 0.8015625 0.9430051813471503 0.01875 0.08290155440414508
11 0.8765625 0.8937823834196891 0.0828125 0.05699481865284974
13 0.9828125 0.9196891191709845 0.0265625 0.10362694300518134
13 0.625 0.9352331606217616 0.03125 0.12176165803108809
13 0.8484375 0.7253886010362695 0.0203125 0.08031088082901554
11 0.9296875 0.7746113989637305 0.1359375 0.16839378238341968
10 0.596875 0.9119170984455959 0.0171875 0.06217616580310881
17 0.9171875 0.22020725388601037 0.0125 0.025906735751295335
17 0.925 0.18911917098445596 0.0125 0.015544041450777202
4 0.8734375 0.20984455958549222 0.0296875 0.03367875647668394
4 0.840625 0.17616580310880828 0.021875 0.04922279792746114
4 0.8109375 0.22279792746113988 0.0296875 0.04145077720207254
4 0.8109375 0.17616580310880828 0.025 0.03626943005181347
4 0.765625 0.25129533678756477 0.04375 0.06476683937823834
4 0.840625 0.24093264248704663 0.025 0.023316062176165803
4 0.8671875 0.24611398963730569 0.0265625 0.03367875647668394
4 0.896875 0.2538860103626943 0.0296875 0.03367875647668394
4 0.834375 0.2616580310880829 0.03125 0.018134715025906734
4 0.8015625 0.29015544041450775 0.0328125 0.03626943005181347
4 0.859375 0.28756476683937826 0.025 0.04145077720207254
4 0.8921875 0.28756476683937826 0.034375 0.03367875647668394
4 0.871875 0.35751295336787564 0.04375 0.07512953367875648
4 0.8328125 0.32642487046632124 0.025 0.03626943005181347
4 0.809375 0.37823834196891193 0.0390625 0.06735751295336788
4 0.7625 0.3393782383419689 0.0578125 0.054404145077720206
17 0.915625 0.27979274611398963 0.0125 0.03626943005181347
4 0.7125 0.47150259067357514 0.065625 0.13989637305699482
4 0.7625 0.4792746113989637 0.071875 0.14248704663212436
13 0.85 0.43005181347150256 0.0109375 0.025906735751295335
13 0.840625 0.3911917098445596 0.015625 0.015544041450777202
13 0.8390625 0.4844559585492228 0.015625 0.025906735751295335
13 0.8796875 0.6476683937823834 0.0328125 0.03626943005181347
13 0.828125 0.6321243523316062 0.0125 0.04404145077720207
13 0.8109375 0.5518134715025906 0.01875 0.03367875647668394
13 0.7765625 0.6010362694300518 0.021875 0.031088082901554404
17 0.81875 0.47150259067357514 0.025 0.04922279792746114
5 0.8015625 0.5103626943005182 0.0375 0.025906735751295335
17 0.7328125 0.2927461139896373 0.01875 0.03626943005181347
4 0.6921875 0.2772020725388601 0.046875 0.04922279792746114
4 0.6578125 0.2979274611398964 0.01875 0.04145077720207254
4 0.565625 0.3471502590673575 0.09375 0.11917098445595854
11 0.484375 0.39378238341968913 0.0609375 0.05181347150259067
13 0.4046875 0.4015544041450777 0.015625 0.025906735751295335
13 0.4203125 0.4067357512953368 0.015625 0.023316062176165803
13 0.3875 0.44559585492227977 0.0125 0.018134715025906734
13 0.403125 0.46632124352331605 0.0125 0.023316062176165803
13 0.375 0.48186528497409326 0.0078125 0.04922279792746114
13 0.2703125 0.5025906735751295 0.015625 0.025906735751295335
13 0.3375 0.48186528497409326 0.0109375 0.02849740932642487
17 0.4171875 0.49740932642487046 0.04375 0.031088082901554404
13 0.325 0.47668393782383417 0.0125 0.03626943005181347
5 0.4109375 0.538860103626943 0.0515625 0.054404145077720206
11 0.35 0.533678756476684 0.06875 0.054404145077720206
4 0.0328125 0.4274611398963731 0.065625 0.06994818652849741
4 0.02734375 0.49352331606217614 0.0546875 0.05958549222797927
5 0.025 0.5440414507772021 0.0453125 0.04145077720207254
5 0.0796875 0.5958549222797928 0.075 0.054404145077720206
5 0.075 0.5544041450777202 0.0515625 0.031088082901554404
5 0.1 0.5259067357512953 0.053125 0.02849740932642487
5 0.175 0.5362694300518135 0.0328125 0.025906735751295335
5 0.2953125 0.6321243523316062 0.0453125 0.05699481865284974
5 0.2953125 0.5880829015544041 0.040625 0.023316062176165803
5 0.35 0.5751295336787565 0.0625 0.025906735751295335
5 0.4015625 0.6139896373056994 0.0234375 0.04404145077720207
5 0.3484375 0.6528497409326425 0.0578125 0.06217616580310881
17 0.428125 0.5958549222797928 0.0296875 0.04922279792746114
4 0.53125 0.5129533678756477 0.1640625 0.17875647668393782
5 0.4796875 0.6191709844559585 0.0671875 0.031088082901554404
5 0.5640625 0.6424870466321243 0.06875 0.07253886010362694
5 0.4640625 0.6632124352331606 0.0578125 0.04404145077720207
5 0.4625 0.7409326424870466 0.0609375 0.10362694300518134
15 0.5375 0.8134715025906736 0.078125 0.16580310880829016
5 0.5734375 0.7331606217616581 0.0625 0.10880829015544041
17 0.775 0.5544041450777202 0.0359375 0.05958549222797927
17 0.728125 0.6010362694300518 0.04375 0.04404145077720207
17 0.653125 0.6010362694300518 0.0375 0.04404145077720207
17 0.61875 0.6476683937823834 0.0328125 0.04404145077720207
17 0.628125 0.7098445595854922 0.040625 0.06735751295336788
17 0.775 0.6450777202072538 0.04375 0.046632124352331605
17 0.81875 0.6839378238341969 0.040625 0.04922279792746114
10 0.696875 0.6813471502590673 0.01875 0.02849740932642487
13 0.6671875 0.6476683937823834 0.0203125 0.06476683937823834
10 0.6578125 0.7797927461139896 0.0140625 0.04145077720207254
17 0.696875 0.7849740932642487 0.0578125 0.046632124352331605
5 0.6796875 0.7176165803108808 0.05 0.05958549222797927
5 0.721875 0.6528497409326425 0.053125 0.031088082901554404
5 0.7875 0.7124352331606217 0.0359375 0.03367875647668394
5 0.7140625 0.8808290155440415 0.11875 0.11917098445595854
19 0.778125 0.7901554404145078 0.1046875 0.14766839378238342