17 0.5625 0.8444444444444444 0.0609375 0.15555555555555556
17 0.2 0.6722222222222223 0.05 0.1
17 0.165625 0.5833333333333334 0.03125 0.06388888888888888
17 0.2375 0.5277777777777778 0.0203125 0.044444444444444446
17 0.2609375 0.5111111111111111 0.0203125 0.027777777777777776
17 0.2828125 0.49444444444444446 0.0171875 0.03611111111111111
17 0.328125 0.49722222222222223 0.0203125 0.03611111111111111
17 0.34375 0.4638888888888889 0.0125 0.022222222222222223
17 0.7265625 0.7861111111111111 0.05 0.09444444444444444
3 0.615625 0.8 0.0234375 0.08055555555555556
10 0.5578125 0.7 0.025 0.06666666666666667
3 0.546875 0.5944444444444444 0.015625 0.03333333333333333
13 0.525 0.5111111111111111 0.015625 0.044444444444444446
0 0.4953125 0.49444444444444446 0.0234375 0.044444444444444446
13 0.384375 0.4583333333333333 0.015625 0.022222222222222223
13 0.2578125 0.5527777777777778 0.0203125 0.05277777777777778
5 0.309375 0.48333333333333334 0.01875 0.027777777777777776
5 0.5484375 0.5611111111111111 0.040625 0.03333333333333333