3 0.265625 0.7757009345794392 0.021875 0.06542056074766354
17 0.4265625 0.5981308411214953 0.0203125 0.04205607476635514
9 0.503125 0.6985981308411215 0.046875 0.07710280373831775
5 0.83125 0.7897196261682243 0.096875 0.10514018691588785
10 0.6703125 0.6285046728971962 0.03125 0.030373831775700934
15 0.49375 0.5490654205607477 0.021875 0.03271028037383177
17 0.6125 0.5350467289719626 0.0140625 0.02336448598130841
17 0.571875 0.514018691588785 0.009375 0.018691588785046728
5 0.553125 0.514018691588785 0.0125 0.018691588785046728
17 0.471875 0.5023364485981309 0.0078125 0.016355140186915886
17 0.540625 0.49065420560747663 0.009375 0.014018691588785047
11 0.49375 0.48598130841121495 0.0078125 0.014018691588785047