4 0.95 0.2388888888888889 0.0984375 0.2388888888888889
4 0.1984375 0.1527777777777778 0.234375 0.19166666666666668
4 0.36875 0.20277777777777778 0.1 0.09166666666666666
4 0.54375 0.17222222222222222 0.1234375 0.08888888888888889
4 0.6578125 0.14166666666666666 0.0765625 0.08888888888888889
4 0.6984375 0.15833333333333333 0.059375 0.04722222222222222
4 0.0453125 0.2 0.0703125 0.125
4 0.2796875 0.8277777777777777 0.559375 0.3416666666666667
5 0.078125 0.7055555555555556 0.15625 0.21388888888888888
19 0.140625 0.5166666666666667 0.278125 0.2388888888888889
5 0.4734375 0.6388888888888888 0.2515625 0.2722222222222222
17 0.7421875 0.6055555555555555 0.1125 0.2916666666666667
10 0.8625 0.48333333333333334 0.0390625 0.10833333333333334
10 0.8875 0.37777777777777777 0.0296875 0.06111111111111111
17 0.7765625 0.4027777777777778 0.065625 0.15555555555555556
17 0.8125 0.33611111111111114 0.05 0.10833333333333334
17 0.7671875 0.30833333333333335 0.04375 0.1
17 0.85625 0.3138888888888889 0.0328125 0.09444444444444444
17 0.45625 0.43333333333333335 0.103125 0.14722222222222223
17 0.4796875 0.36944444444444446 0.0859375 0.1361111111111111
17 0.34375 0.5416666666666666 0.1515625 0.23055555555555557
15 0.0265625 0.4666666666666667 0.046875 0.14444444444444443
5 0.2015625 0.3638888888888889 0.20625 0.10555555555555556
5 0.3296875 0.4 0.16875 0.13333333333333333
5 0.6265625 0.425 0.103125 0.18333333333333332
5 0.578125 0.325 0.0953125 0.11388888888888889
5 0.5453125 0.28055555555555556 0.0890625 0.08333333333333333
5 0.6625 0.28055555555555556 0.0703125 0.075
5 0.6328125 0.25277777777777777 0.0671875 0.06388888888888888
5 0.7421875 0.2611111111111111 0.05625 0.07222222222222222
5 0.7046875 0.24722222222222223 0.05 0.08888888888888889
5 0.740625 0.21666666666666667 0.0359375 0.041666666666666664
5 0.0265625 0.30833333333333335 0.053125 0.058333333333333334
5 0.071875 0.2833333333333333 0.11875 0.08333333333333333
5 0.1984375 0.3111111111111111 0.1609375 0.08333333333333333
5 0.1859375 0.25277777777777777 0.0828125 0.04722222222222222
5 0.253125 0.26944444444444443 0.059375 0.07222222222222222
15 0.3375 0.2611111111111111 0.1140625 0.07777777777777778
9 0.325 0.21666666666666667 0.0765625 0.04722222222222222
17 0.6765625 0.32222222222222224 0.05 0.11666666666666667
17 0.80625 0.2722222222222222 0.0421875 0.058333333333333334
5 0.865625 0.2722222222222222 0.053125 0.07777777777777778
5 0.8015625 0.24722222222222223 0.040625 0.06111111111111111
17 0.7828125 0.2222222222222222 0.0234375 0.04722222222222222
5 0.8875 0.2361111111111111 0.028125 0.06388888888888888
5 0.8625 0.21944444444444444 0.01875 0.058333333333333334
9 0.8 0.19722222222222222 0.0328125 0.044444444444444446
4 0.7484375 0.16111111111111112 0.03125 0.022222222222222223
4 0.0109375 0.17777777777777778 0.021875 0.26944444444444443
19 0.43125 0.3111111111111111 0.1453125 0.14722222222222223
5 0.6671875 0.2777777777777778 0.0703125 0.06666666666666667
5 0.471875 0.22777777777777777 0.0421875 0.027777777777777776
5 0.515625 0.23055555555555557 0.053125 0.044444444444444446
19 0.6046875 0.20555555555555555 0.0484375 0.05
5 0.825 0.2111111111111111 0.025 0.05
5 0.8984375 0.19166666666666668 0.01875 0.03611111111111111