5 0.21875 0.7277777777777777 0.4375 0.5388888888888889
5 0.4734375 0.4305555555555556 0.1640625 0.17222222222222222
5 0.584375 0.4027777777777778 0.0890625 0.12777777777777777
17 0.071875 0.3861111111111111 0.0625 0.11666666666666667
17 0.3609375 0.3611111111111111 0.0359375 0.05555555555555555
4 0.7296875 0.3416666666666667 0.2078125 0.26666666666666666
4 0.9265625 0.35833333333333334 0.1265625 0.16944444444444445
4 0.98125 0.33611111111111114 0.0359375 0.1388888888888889
17 0.84375 0.3611111111111111 0.0296875 0.07222222222222222
10 0.1640625 0.41388888888888886 0.0453125 0.10277777777777777
10 0.2328125 0.4083333333333333 0.0359375 0.08611111111111111
11 0.465625 0.35833333333333334 0.10625 0.10555555555555556
12 0.4015625 0.3472222222222222 0.0296875 0.09722222222222222
10 0.303125 0.38055555555555554 0.03125 0.04722222222222222