4 0.01171875 0.7291666666666666 0.0234375 0.15833333333333333
4 0.415625 0.25555555555555554 0.2125 0.25555555555555554
4 0.4375 0.4583333333333333 0.2625 0.41388888888888886
4 0.76875 0.3277777777777778 0.1375 0.2972222222222222
4 0.7390625 0.027777777777777776 0.0875 0.05555555555555555
5 0.6171875 0.85 0.2171875 0.2972222222222222
5 0.65625 0.31666666666666665 0.0953125 0.15833333333333333
5 0.571875 0.24444444444444444 0.0796875 0.11388888888888889
5 0.603125 0.15555555555555556 0.0703125 0.09444444444444444
5 0.6796875 0.1638888888888889 0.06875 0.09722222222222222
5 0.7171875 0.1 0.05 0.07222222222222222
5 0.8703125 0.05277777777777778 0.0375 0.07222222222222222
5 0.8265625 0.17777777777777778 0.0578125 0.10555555555555556
5 0.9828125 0.7861111111111111 0.03125 0.39444444444444443
5 0.9875 0.31666666666666665 0.021875 0.14722222222222223
5 0.9890625 0.2111111111111111 0.0203125 0.09166666666666666
0 0.9859375 0.125 0.025 0.12222222222222222
5 0.984375 0.06111111111111111 0.028125 0.058333333333333334
5 0.984375 0.027777777777777776 0.028125 0.05555555555555555
11 0.684375 0.06944444444444445 0.05 0.075
8 0.778125 0.10277777777777777 0.065625 0.10555555555555556
5 0.75625 0.044444444444444446 0.0390625 0.03611111111111111
17 0.734375 0.2 0.0515625 0.11388888888888889
17 0.6859375 0.4888888888888889 0.078125 0.20555555555555555
17 0.4859375 0.7416666666666667 0.1171875 0.28888888888888886
10 0.26875 0.9361111111111111 0.0796875 0.125
10 0.09375 0.55 0.1015625 0.08611111111111111
10 0.1953125 0.4638888888888889 0.0859375 0.08888888888888889
10 0.2734375 0.5888888888888889 0.06875 0.16666666666666666
10 0.871875 0.14166666666666666 0.021875 0.04722222222222222
17 0.8203125 0.03888888888888889 0.0296875 0.06111111111111111
17 0.80625 0.02361111111111111 0.01875 0.04722222222222222
17 0.8421875 0.025 0.015625 0.05
10 0.68125 0.10277777777777777 0.021875 0.030555555555555555