4 0.2109375 0.11388888888888889 0.153125 0.09444444444444444
4 0.753125 0.1638888888888889 0.3921875 0.24722222222222223
4 0.915625 0.49722222222222223 0.165625 0.9888888888888889
4 0.484375 0.06388888888888888 0.1859375 0.1111111111111111
4 0.475 0.14444444444444443 0.18125 0.11666666666666667
5 0.5109375 0.6861111111111111 0.690625 0.625
19 0.446875 0.19166666666666668 0.2234375 0.08333333333333333
19 0.3140625 0.15833333333333333 0.0921875 0.058333333333333334
17 0.1078125 0.3611111111111111 0.2140625 0.3194444444444444
17 0.2796875 0.45555555555555555 0.3390625 0.425
17 0.5421875 0.3416666666666667 0.175 0.19722222222222222
17 0.7453125 0.375 0.134375 0.25833333333333336
17 0.8171875 0.3277777777777778 0.10625 0.25555555555555554
17 0.6265625 0.3 0.0953125 0.19444444444444445
17 0.65625 0.25833333333333336 0.1296875 0.14166666666666666
17 0.4390625 0.2916666666666667 0.153125 0.20277777777777778
17 0.2859375 0.2222222222222222 0.1390625 0.09722222222222222
17 0.2390625 0.16944444444444445 0.0625 0.06111111111111111
17 0.5375 0.3 0.146875 0.18333333333333332
17 0.0234375 0.18055555555555555 0.0453125 0.05277777777777778
5 0.2015625 0.1638888888888889 0.0421875 0.04722222222222222