4 0.93125 0.7055555555555556 0.13125 0.5805555555555556
5 0.6234375 0.7111111111111111 0.3359375 0.31666666666666665
17 0.03671875 0.6763888888888889 0.0734375 0.30277777777777776
17 0.0734375 0.6194444444444445 0.1328125 0.21388888888888888
17 0.2 0.6444444444444445 0.1625 0.28055555555555556
17 0.3109375 0.6583333333333333 0.209375 0.2833333333333333
17 0.3984375 0.5833333333333334 0.103125 0.19444444444444445
17 0.5203125 0.5972222222222222 0.1484375 0.18611111111111112
17 0.60625 0.5944444444444444 0.14375 0.1388888888888889
17 0.246875 0.5 0.078125 0.08333333333333333
19 0.3890625 0.5027777777777778 0.146875 0.12222222222222222
19 0.5484375 0.4777777777777778 0.0984375 0.09444444444444444
4 0.75625 0.4638888888888889 0.1796875 0.11666666666666667
17 0.8875 0.5027777777777778 0.0640625 0.1111111111111111
17 0.81875 0.6166666666666667 0.0828125 0.2111111111111111
17 0.84375 0.5361111111111111 0.059375 0.09722222222222222
17 0.7203125 0.5388888888888889 0.0765625 0.08888888888888889
17 0.7453125 0.5416666666666666 0.075 0.1111111111111111
17 0.7390625 0.4888888888888889 0.0765625 0.04722222222222222
17 0.640625 0.5055555555555555 0.0953125 0.06666666666666667
17 0.109375 0.5138888888888888 0.1234375 0.06388888888888888
17 0.471875 0.5361111111111111 0.0796875 0.1111111111111111
19 0.525 0.43333333333333335 0.046875 0.03611111111111111
19 0.6046875 0.44722222222222224 0.0578125 0.03611111111111111
17 0.65 0.44722222222222224 0.0359375 0.03888888888888889