10 0.334375 0.7777777777777778 0.0609375 0.12222222222222222
10 0.3796875 0.7416666666666667 0.0234375 0.06944444444444445
5 0.4203125 0.7083333333333334 0.046875 0.075
11 0.0859375 0.6916666666666667 0.10625 0.1
9 0.5265625 0.7416666666666667 0.140625 0.26666666666666666
5 0.6734375 0.75 0.115625 0.15
5 0.45 0.725 0.0328125 0.1
5 0.8578125 0.8138888888888889 0.2765625 0.36944444444444446
4 0.8640625 0.625 0.146875 0.09444444444444444
5 0.8078125 0.7111111111111111 0.1046875 0.1
15 0.653125 0.6833333333333333 0.0734375 0.07222222222222222