19 0.2859375 0.5972222222222222 0.56875 0.8027777777777778
19 0.453125 0.3277777777777778 0.2765625 0.3472222222222222
5 0.790625 0.39444444444444443 0.25 0.3416666666666667
5 0.675 0.2777777777777778 0.125 0.175
5 0.778125 0.19722222222222222 0.0890625 0.1
5 0.853125 0.21944444444444444 0.115625 0.1361111111111111
17 0.9609375 0.18888888888888888 0.0703125 0.125
5 0.69375 0.18055555555555555 0.071875 0.09444444444444444
17 0.6125 0.2 0.09375 0.15833333333333333
4 0.7015625 0.13055555555555556 0.171875 0.1361111111111111
17 0.0734375 0.16944444444444445 0.14375 0.06111111111111111
17 0.25625 0.17222222222222222 0.1265625 0.04722222222222222
17 0.375 0.15555555555555556 0.1203125 0.04722222222222222