4 0.8234375 0.375 0.1953125 0.30833333333333335
17 0.184375 0.7472222222222222 0.365625 0.5
3 0.9359375 0.5027777777777778 0.0375 0.1111111111111111
4 0.9375 0.37222222222222223 0.040625 0.11944444444444445
4 0.9703125 0.3527777777777778 0.03125 0.08333333333333333
4 0.9359375 0.3 0.0375 0.07222222222222222
5 0.7 0.4222222222222222 0.059375 0.1111111111111111
17 0.7015625 0.35555555555555557 0.0328125 0.05277777777777778
0 0.271875 0.44722222222222224 0.1125 0.20277777777777778
5 0.0765625 0.4638888888888889 0.1515625 0.1361111111111111
4 0.09140625 0.3277777777777778 0.1828125 0.1388888888888889
15 0.121875 0.3972222222222222 0.2359375 0.14166666666666666
5 0.190625 0.4222222222222222 0.1390625 0.1111111111111111
4 0.4734375 0.41388888888888886 0.403125 0.5583333333333333