5 0.25625 0.8111111111111111 0.5078125 0.375
5 0.3078125 0.5527777777777778 0.30625 0.21388888888888888
5 0.534375 0.6166666666666667 0.253125 0.34444444444444444
5 0.95 0.6944444444444444 0.0984375 0.28888888888888886
5 0.853125 0.5277777777777778 0.125 0.17222222222222222
11 0.8546875 0.42777777777777776 0.0984375 0.14444444444444443
17 0.75625 0.575 0.0984375 0.26666666666666666
5 0.6390625 0.5111111111111111 0.0859375 0.1527777777777778
5 0.728125 0.4583333333333333 0.0515625 0.10277777777777777
17 0.778125 0.41944444444444445 0.0296875 0.07222222222222222
5 0.7140625 0.4305555555555556 0.0546875 0.07777777777777778
5 0.7046875 0.41388888888888886 0.05 0.075
5 0.221875 0.4638888888888889 0.1015625 0.08611111111111111
17 0.3125 0.4305555555555556 0.075 0.04722222222222222
17 0.403125 0.42777777777777776 0.06875 0.06666666666666667
4 0.4421875 0.37222222222222223 0.1625 0.1388888888888889