15 0.184375 0.6833333333333333 0.265625 0.33611111111111114
5 0.421875 0.45 0.15625 0.21388888888888888
5 0.30625 0.9 0.2375 0.19444444444444445
5 0.5265625 0.9555555555555556 0.1671875 0.08333333333333333
5 0.959375 0.6916666666666667 0.078125 0.36666666666666664
5 0.9671875 0.4111111111111111 0.0625 0.20833333333333334
5 0.9609375 0.25 0.075 0.15
5 0.9578125 0.13333333333333333 0.071875 0.10833333333333334
0 0.9515625 0.05277777777777778 0.0578125 0.10555555555555556
5 0.559375 0.21666666666666667 0.0703125 0.1361111111111111
5 0.7796875 0.15 0.0671875 0.11944444444444445
5 0.790625 0.06666666666666667 0.053125 0.07777777777777778
5 0.8046875 0.013888888888888888 0.034375 0.022222222222222223
5 0.609375 0.09722222222222222 0.065625 0.08611111111111111
5 0.5546875 0.21666666666666667 0.0671875 0.13055555555555556
11 0.515625 0.1388888888888889 0.0828125 0.125
8 0.6421875 0.19166666666666668 0.090625 0.1527777777777778
17 0.6296875 0.6722222222222223 0.1359375 0.30277777777777776
17 0.5421875 0.43333333333333335 0.0828125 0.21388888888888888
17 0.73125 0.06666666666666667 0.040625 0.08888888888888889
17 0.6890625 0.03611111111111111 0.0359375 0.06666666666666667
17 0.6671875 0.08611111111111111 0.0375 0.07222222222222222
4 0.1453125 0.49166666666666664 0.290625 0.5027777777777778
4 0.678125 0.35 0.1546875 0.34444444444444444
5 0.7546875 0.24444444444444444 0.0515625 0.14722222222222223
10 0.4921875 0.25 0.046875 0.058333333333333334
10 0.7734375 0.44166666666666665 0.0296875 0.09444444444444444
10 0.8078125 0.275 0.028125 0.075
4 0.5703125 0.05555555555555555 0.1140625 0.1111111111111111
4 0.6359375 0.016666666666666666 0.0296875 0.03333333333333333
5 0.74609375 0.03194444444444444 0.0359375 0.06388888888888888