4 0.8140625 0.6444444444444445 0.2609375 0.55
4 0.6671875 0.30833333333333335 0.1296875 0.19444444444444445
4 0.6078125 0.20833333333333334 0.0875 0.14722222222222223
4 0.5890625 0.1388888888888889 0.0765625 0.11388888888888889
4 0.5296875 0.175 0.05625 0.15833333333333333
0 0.271875 0.7 0.1640625 0.4361111111111111
5 0.421875 0.5388888888888889 0.0859375 0.24444444444444444
5 0.3375 0.44166666666666665 0.0859375 0.15833333333333333
5 0.434375 0.35833333333333334 0.0671875 0.12777777777777777
5 0.3640625 0.33055555555555555 0.0640625 0.11666666666666667
5 0.3875 0.24722222222222223 0.0453125 0.08333333333333333
5 0.4546875 0.25833333333333336 0.040625 0.08888888888888889
17 0.496875 0.24166666666666667 0.03125 0.09444444444444444
17 0.503125 0.4222222222222222 0.034375 0.12777777777777777
17 0.5046875 0.3333333333333333 0.0421875 0.08333333333333333
10 0.3765625 0.18611111111111112 0.0203125 0.025
5 0.4046875 0.20277777777777778 0.0328125 0.08333333333333333
5 0.45 0.20277777777777778 0.03125 0.075
5 0.45625 0.16944444444444445 0.03125 0.06111111111111111
5 0.4171875 0.1527777777777778 0.0328125 0.058333333333333334
5 0.4953125 0.15833333333333333 0.0296875 0.06388888888888888
11 0.49375 0.11666666666666667 0.0265625 0.075
11 0.4203125 0.1 0.0265625 0.03611111111111111
19 0.4328125 0.08055555555555556 0.021875 0.05
5 0.4546875 0.125 0.021875 0.030555555555555555
4 0.459375 0.041666666666666664 0.0265625 0.06388888888888888
4 0.503125 0.030555555555555555 0.03125 0.05555555555555555
4 0.5421875 0.08611111111111111 0.040625 0.08055555555555556
5 0.025 0.7944444444444444 0.05 0.1527777777777778
15 0.0859375 0.5777777777777777 0.1640625 0.18888888888888888
5 0.1765625 0.41944444444444445 0.1109375 0.125
5 0.0734375 0.44166666666666665 0.1234375 0.13055555555555556
5 0.059375 0.37222222222222223 0.115625 0.08888888888888889
5 0.2390625 0.33055555555555555 0.0765625 0.10277777777777777
5 0.1734375 0.3194444444444444 0.08125 0.08611111111111111
5 0.1484375 0.28888888888888886 0.0796875 0.08888888888888889
15 0.0515625 0.30833333333333335 0.1 0.08611111111111111
5 0.0765625 0.25555555555555554 0.078125 0.05555555555555555
5 0.015625 0.26666666666666666 0.0296875 0.027777777777777776
10 0.0390625 0.23055555555555557 0.0203125 0.027777777777777776
17 0.140625 0.2222222222222222 0.0453125 0.058333333333333334
17 0.1859375 0.2222222222222222 0.028125 0.08055555555555556
5 0.0984375 0.20833333333333334 0.0546875 0.04722222222222222
17 0.11875 0.16666666666666666 0.0296875 0.04722222222222222
17 0.1484375 0.16111111111111112 0.0234375 0.04722222222222222
17 0.1609375 0.16111111111111112 0.0234375 0.04722222222222222
5 0.1890625 0.16666666666666666 0.0453125 0.044444444444444446
17 0.234375 0.18333333333333332 0.034375 0.05277777777777778
5 0.284375 0.25277777777777777 0.059375 0.07222222222222222
19 0.3078125 0.19166666666666668 0.05 0.07777777777777778
5 0.2734375 0.18611111111111112 0.0375 0.07222222222222222
5 0.3484375 0.1361111111111111 0.034375 0.041666666666666664
15 0.3046875 0.1388888888888889 0.0375 0.041666666666666664
17 0.2671875 0.1388888888888889 0.0296875 0.030555555555555555
5 0.2609375 0.10555555555555556 0.0265625 0.019444444444444445
5 0.3640625 0.1111111111111111 0.0203125 0.041666666666666664
5 0.3421875 0.1 0.0109375 0.03333333333333333
5 0.38125 0.08333333333333333 0.0234375 0.030555555555555555
4 0.2671875 0.058333333333333334 0.05 0.03611111111111111
5 0.309375 0.06388888888888888 0.0140625 0.019444444444444445
5 0.434375 0.044444444444444446 0.015625 0.03333333333333333