17 0.45 0.7083333333333334 0.7625 0.5777777777777777
17 0.0984375 0.5722222222222222 0.19375 0.6472222222222223
17 0.246875 0.37222222222222223 0.271875 0.3388888888888889
17 0.334375 0.3 0.1796875 0.2388888888888889
17 0.046875 0.23333333333333334 0.09375 0.06944444444444445
17 0.159375 0.21944444444444444 0.1953125 0.08888888888888889
17 0.296875 0.17222222222222222 0.125 0.06111111111111111
17 0.4234375 0.17222222222222222 0.0796875 0.1361111111111111
17 0.5609375 0.2833333333333333 0.134375 0.28055555555555556
17 0.9125 0.475 0.1703125 0.55
17 0.6828125 0.37222222222222223 0.2484375 0.28888888888888886
17 0.7671875 0.30833333333333335 0.15 0.2916666666666667
17 0.6796875 0.175 0.0953125 0.10833333333333334
17 0.8359375 0.16944444444444445 0.096875 0.07777777777777778
17 0.9328125 0.19444444444444445 0.1328125 0.06944444444444445
17 0.9796875 0.1388888888888889 0.0359375 0.06666666666666667
17 0.9203125 0.1361111111111111 0.065625 0.08333333333333333
4 0.88125 0.11666666666666667 0.0234375 0.04722222222222222
19 0.8015625 0.1111111111111111 0.09375 0.075
19 0.5453125 0.16944444444444445 0.16875 0.17222222222222222
17 0.025 0.17777777777777778 0.0484375 0.07777777777777778
13 0.103125 0.1361111111111111 0.040625 0.10277777777777777
13 0.296875 0.12777777777777777 0.0609375 0.05277777777777778
11 0.209375 0.15 0.09375 0.08888888888888889
17 0.7453125 0.14166666666666666 0.05625 0.05277777777777778
5 0.9609375 0.15 0.0234375 0.05277777777777778
19 0.7109375 0.12222222222222222 0.0875 0.044444444444444446