3 0.7609375 0.8083333333333333 0.1984375 0.37777777777777777
3 0.18984375 0.8944444444444445 0.3796875 0.20555555555555555
17 0.0828125 0.3416666666666667 0.1609375 0.33611111111111114
17 0.321875 0.34444444444444444 0.253125 0.30833333333333335
17 0.58125 0.35833333333333334 0.2703125 0.33611111111111114
5 0.8625 0.45555555555555555 0.2671875 0.3888888888888889
5 0.8640625 0.33055555555555555 0.2546875 0.2361111111111111
17 0.96875 0.21666666666666667 0.0609375 0.10277777777777777
17 0.9140625 0.16944444444444445 0.046875 0.07777777777777778
17 0.825 0.24444444444444444 0.15 0.18888888888888888
17 0.7671875 0.24166666666666667 0.090625 0.20277777777777778
4 0.9671875 0.10833333333333334 0.0625 0.14722222222222223
17 0.5046875 0.25555555555555554 0.1234375 0.20555555555555555
17 0.5859375 0.19166666666666668 0.1640625 0.05277777777777778
17 0.609375 0.16111111111111112 0.103125 0.044444444444444446
17 0.275 0.2833333333333333 0.1671875 0.25
17 0.103125 0.19166666666666668 0.1625 0.075
4 0.12890625 0.13472222222222222 0.2578125 0.175
17 0.609375 0.1527777777777778 0.0921875 0.06388888888888888
13 0.33125 0.14166666666666666 0.021875 0.05
13 0.3546875 0.14722222222222223 0.025 0.05277777777777778
13 0.3828125 0.14722222222222223 0.025 0.06666666666666667
13 0.45625 0.1527777777777778 0.03125 0.06111111111111111
13 0.521875 0.15 0.028125 0.03333333333333333