17 0.1140625 0.35555555555555557 0.228125 0.2611111111111111
4 0.02109375 0.16805555555555557 0.0421875 0.08055555555555556
4 0.0984375 0.18333333333333332 0.1265625 0.13055555555555556
4 0.2046875 0.15555555555555556 0.04375 0.058333333333333334
5 0.2203125 0.22777777777777777 0.0203125 0.06111111111111111
4 0.51875 0.20555555555555555 0.4296875 0.20555555555555555
17 0.3578125 0.36666666666666664 0.2296875 0.26944444444444443
17 0.378125 0.39444444444444443 0.2625 0.2833333333333333
17 0.546875 0.3277777777777778 0.15625 0.2
17 0.6546875 0.3277777777777778 0.1203125 0.20277777777777778
17 0.809375 0.45555555555555555 0.3015625 0.3611111111111111
17 0.71875 0.38055555555555554 0.209375 0.2638888888888889
17 0.8125 0.26666666666666666 0.153125 0.09166666666666666
17 0.9640625 0.3388888888888889 0.06875 0.225
10 0.334375 0.7888888888888889 0.4328125 0.41388888888888886
20 0.378125 0.6611111111111111 0.5015625 0.38055555555555554
19 0.0765625 0.225 0.15 0.09166666666666666