17 0.3328125 0.725 0.6625 0.5472222222222223
17 0.575 0.49722222222222223 0.2125 0.44722222222222224
17 0.703125 0.36944444444444446 0.1125 0.2722222222222222
17 0.83125 0.35555555555555557 0.134375 0.24722222222222223
17 0.8984375 0.3055555555555556 0.0703125 0.18333333333333332
17 0.1703125 0.4083333333333333 0.29375 0.275
17 0.06015625 0.37083333333333335 0.1203125 0.24166666666666667
4 0.0640625 0.19166666666666668 0.128125 0.16944444444444445
17 0.2828125 0.25 0.128125 0.06388888888888888
17 0.34375 0.3611111111111111 0.1375 0.225
17 0.4015625 0.31666666666666665 0.1078125 0.20555555555555555
15 0.4296875 0.23055555555555557 0.103125 0.08888888888888889
19 0.565625 0.19444444444444445 0.08125 0.04722222222222222
13 0.3046875 0.2 0.028125 0.058333333333333334
17 0.5375 0.26666666666666666 0.084375 0.1388888888888889
17 0.665625 0.25555555555555554 0.084375 0.09722222222222222
17 0.6015625 0.23333333333333334 0.040625 0.08055555555555556
17 0.7234375 0.21944444444444444 0.0421875 0.04722222222222222
17 0.775 0.23333333333333334 0.0578125 0.04722222222222222
17 0.7875 0.20833333333333334 0.03125 0.041666666666666664
5 0.9640625 0.2833333333333333 0.06875 0.14722222222222223
5 0.91875 0.21388888888888888 0.065625 0.05277777777777778
19 0.6828125 0.17777777777777778 0.059375 0.041666666666666664
13 0.3671875 0.2 0.0203125 0.058333333333333334
17 0.5078125 0.19166666666666668 0.0296875 0.030555555555555555