4 0.903125 0.23333333333333334 0.1890625 0.2611111111111111
4 0.93125 0.1527777777777778 0.128125 0.13055555555555556
4 0.13125 0.7 0.259375 0.5944444444444444
4 0.3734375 0.19722222222222222 0.096875 0.1638888888888889
4 0.590625 0.13333333333333333 0.075 0.18055555555555555
4 0.871875 0.03888888888888889 0.0859375 0.075
4 0.7171875 0.041666666666666664 0.0578125 0.08333333333333333
5 0.7578125 0.2 0.05625 0.08611111111111111
19 0.78125 0.14166666666666666 0.053125 0.10555555555555556
19 0.8421875 0.10277777777777777 0.04375 0.041666666666666664
11 0.7203125 0.09722222222222222 0.053125 0.07777777777777778
17 0.678125 0.06666666666666667 0.0171875 0.04722222222222222
17 0.671875 0.025 0.0171875 0.04722222222222222
10 0.2953125 0.3388888888888889 0.028125 0.04722222222222222
20 0.3125 0.26944444444444443 0.04375 0.1
5 0.809375 0.7472222222222222 0.1703125 0.3138888888888889
5 0.6359375 0.8722222222222222 0.1484375 0.25277777777777777
17 0.309375 0.8944444444444445 0.1234375 0.20833333333333334
17 0.2953125 0.6972222222222222 0.1 0.2361111111111111
17 0.375 0.5416666666666666 0.0703125 0.18611111111111112
5 0.4453125 0.7416666666666667 0.109375 0.2833333333333333
5 0.7359375 0.4666666666666667 0.090625 0.17222222222222222
17 0.65 0.40555555555555556 0.0609375 0.1388888888888889
19 0.5734375 0.5305555555555556 0.1 0.26944444444444443
5 0.4640625 0.46111111111111114 0.0796875 0.1527777777777778
5 0.334375 0.41388888888888886 0.09375 0.1361111111111111
5 0.378125 0.3111111111111111 0.0578125 0.13333333333333333
17 0.4203125 0.3194444444444444 0.0421875 0.11388888888888889
5 0.478125 0.32222222222222224 0.0640625 0.10833333333333334
5 0.5640625 0.3388888888888889 0.0671875 0.13055555555555556
5 0.6328125 0.31666666666666665 0.0625 0.09444444444444444
5 0.6890625 0.28888888888888886 0.065625 0.11944444444444445
5 0.6140625 0.2388888888888889 0.0578125 0.06944444444444445
5 0.6640625 0.20555555555555555 0.0546875 0.075
5 0.65 0.16666666666666666 0.040625 0.075
5 0.6359375 0.1111111111111111 0.0265625 0.06388888888888888
11 0.546875 0.24722222222222223 0.0515625 0.10555555555555556
5 0.4875 0.2388888888888889 0.046875 0.08055555555555556
5 0.4515625 0.2111111111111111 0.0484375 0.08333333333333333
15 0.4828125 0.16944444444444445 0.0375 0.06666666666666667
5 0.4671875 0.10277777777777777 0.0328125 0.06666666666666667
5 0.5046875 0.13055555555555556 0.040625 0.05277777777777778
5 0.5328125 0.1638888888888889 0.0359375 0.058333333333333334
5 0.5328125 0.1111111111111111 0.0296875 0.05277777777777778
5 0.5015625 0.08333333333333333 0.021875 0.05
5 0.509375 0.05555555555555555 0.025 0.03333333333333333
5 0.534375 0.06388888888888888 0.0234375 0.03611111111111111
19 0.575 0.027777777777777776 0.046875 0.041666666666666664
5 0.61875 0.019444444444444445 0.0234375 0.030555555555555555
5 0.4640625 0.027777777777777776 0.034375 0.03333333333333333
15 0.5078125 0.013888888888888888 0.0265625 0.025
5 0.4671875 0.9777777777777777 0.1078125 0.03611111111111111