17 0.940625 0.525 0.1140625 0.10277777777777777
11 0.675 0.8194444444444444 0.3078125 0.35555555555555557
5 0.834375 0.7888888888888889 0.2796875 0.33611111111111114
4 0.6984375 0.375 0.3140625 0.3194444444444444
20 0.909375 0.44722222222222224 0.11875 0.10555555555555556
19 0.9078125 0.6944444444444444 0.18125 0.35833333333333334
5 0.725 0.5611111111111111 0.1828125 0.18333333333333332
17 0.5484375 0.39166666666666666 0.0578125 0.125
15 0.5671875 0.6027777777777777 0.20625 0.25555555555555554
5 0.5796875 0.5305555555555556 0.1578125 0.17222222222222222
10 0.60625 0.4861111111111111 0.028125 0.06388888888888888
5 0.371875 0.6 0.15625 0.2222222222222222
5 0.40625 0.475 0.11875 0.15555555555555556
4 0.3984375 0.29444444444444445 0.171875 0.25
11 0.471875 0.24722222222222223 0.053125 0.10277777777777777
5 0.3234375 0.3638888888888889 0.0859375 0.13055555555555556
17 0.2609375 0.42777777777777776 0.0640625 0.14166666666666666
9 0.2609375 0.3 0.0703125 0.11388888888888889
5 0.20625 0.31666666666666665 0.059375 0.13055555555555556
10 0.1484375 0.30833333333333335 0.025 0.04722222222222222
17 0.2828125 0.26944444444444443 0.0328125 0.06666666666666667
5 0.2796875 0.24166666666666667 0.053125 0.075
17 0.2296875 0.24166666666666667 0.0375 0.075
17 0.2140625 0.2111111111111111 0.025 0.05277777777777778
5 0.240625 0.2 0.0296875 0.058333333333333334
5 0.184375 0.21944444444444444 0.046875 0.06111111111111111
5 0.1453125 0.19722222222222222 0.0359375 0.06388888888888888
4 0.29375 0.15555555555555556 0.0734375 0.1
4 0.1953125 0.1111111111111111 0.0484375 0.08611111111111111
5 0.103125 0.16944444444444445 0.0359375 0.04722222222222222
9 0.134375 0.1388888888888889 0.028125 0.04722222222222222
5 0.15625 0.12222222222222222 0.01875 0.027777777777777776
5 0.1078125 0.12777777777777777 0.01875 0.025
5 0.071875 0.1111111111111111 0.01875 0.03888888888888889
17 0.2296875 0.12777777777777777 0.0265625 0.05
5 0.18125 0.8666666666666667 0.1828125 0.2611111111111111
10 0.159375 0.6777777777777778 0.0515625 0.13055555555555556
5 0.034375 0.9611111111111111 0.0671875 0.07222222222222222
5 0.0265625 0.7555555555555555 0.053125 0.2638888888888889
5 0.1109375 0.5777777777777777 0.0921875 0.175
5 0.01875 0.5444444444444444 0.0375 0.14444444444444443
5 0.0984375 0.4527777777777778 0.0875 0.12777777777777777
5 0.075 0.375 0.06875 0.08888888888888889
5 0.0203125 0.42777777777777776 0.040625 0.10833333333333334
5 0.01796875 0.3597222222222222 0.0359375 0.08055555555555556
19 0.0625 0.3 0.0609375 0.10555555555555556
5 0.0390625 0.2222222222222222 0.040625 0.06111111111111111
15 0.01484375 0.3013888888888889 0.0296875 0.06388888888888888
5 0.0328125 0.18888888888888888 0.0265625 0.016666666666666666
5 0.025 0.16944444444444445 0.021875 0.027777777777777776
5 0.0234375 0.15 0.0171875 0.019444444444444445
5 0.021875 0.13055555555555556 0.01875 0.027777777777777776
5 0.0046875 0.20555555555555555 0.009375 0.03611111111111111
4 0.1578125 0.08333333333333333 0.0234375 0.05277777777777778
5 0.0140625 0.10555555555555556 0.0171875 0.030555555555555555