17 0.08125 0.2111111111111111 0.0734375 0.18333333333333332
17 0.1546875 0.2388888888888889 0.1125 0.20277777777777778
17 0.196875 0.26666666666666666 0.1765625 0.2222222222222222
17 0.2796875 0.19722222222222222 0.109375 0.14166666666666666
17 0.340625 0.18055555555555555 0.0390625 0.125
17 0.3890625 0.20277777777777778 0.1109375 0.125
17 0.478125 0.19166666666666668 0.08125 0.14166666666666666
17 0.5671875 0.19444444444444445 0.103125 0.10833333333333334
17 0.6546875 0.19166666666666668 0.071875 0.1111111111111111
17 0.35625 0.625 0.546875 0.7444444444444445
17 0.5640625 0.4 0.21875 0.37777777777777777
17 0.7796875 0.5666666666666667 0.2515625 0.6638888888888889
17 0.903125 0.3861111111111111 0.134375 0.33611111111111114
17 0.95625 0.2722222222222222 0.0859375 0.1527777777777778
17 0.809375 0.19444444444444445 0.0421875 0.10833333333333334
17 0.734375 0.1638888888888889 0.0671875 0.05555555555555555
17 0.65625 0.18888888888888888 0.0796875 0.08333333333333333
17 0.5671875 0.18055555555555555 0.096875 0.07777777777777778
17 0.3890625 0.20833333333333334 0.1046875 0.11944444444444445
4 0.4484375 0.1111111111111111 0.0828125 0.08888888888888889
4 0.6203125 0.10833333333333334 0.18125 0.09444444444444444
4 0.8328125 0.13333333333333333 0.2546875 0.14722222222222223
4 0.9765625 0.11666666666666667 0.040625 0.1111111111111111
4 0.9828125 0.1361111111111111 0.0296875 0.08333333333333333
4 0.7375 0.3 0.1703125 0.20277777777777778
5 0.7484375 0.20833333333333334 0.1328125 0.06666666666666667