4 0.4921875 0.1 0.1234375 0.09444444444444444
4 0.646875 0.14444444444444443 0.16875 0.10277777777777777
4 0.865625 0.18333333333333332 0.2640625 0.24444444444444444
19 0.94375 0.5055555555555555 0.109375 0.44722222222222224
17 0.9078125 0.41388888888888886 0.171875 0.33611111111111114
17 0.959375 0.2361111111111111 0.078125 0.06944444444444445
17 0.8953125 0.3333333333333333 0.1671875 0.24444444444444444
17 0.58125 0.6833333333333333 0.5859375 0.6305555555555555
17 0.140625 0.6583333333333333 0.28125 0.6722222222222223
17 0.15625 0.41388888888888886 0.30625 0.3638888888888889
17 0.03984375 0.22916666666666666 0.0796875 0.06388888888888888
17 0.540625 0.36944444444444446 0.290625 0.21388888888888888
17 0.66875 0.3277777777777778 0.1765625 0.175
17 0.6953125 0.30833333333333335 0.18125 0.20555555555555555
19 0.7484375 0.24166666666666667 0.125 0.1638888888888889
17 0.5046875 0.2638888888888889 0.1875 0.09166666666666666
5 0.39375 0.2777777777777778 0.1390625 0.1527777777777778
17 0.1703125 0.21388888888888888 0.153125 0.06111111111111111
4 0.4453125 0.1361111111111111 0.0734375 0.06666666666666667
17 0.528125 0.16111111111111112 0.0421875 0.044444444444444446