17 0.0890625 0.225 0.140625 0.06666666666666667
17 0.12734375 0.2902777777777778 0.2546875 0.09722222222222222
17 0.3265625 0.23333333333333334 0.115625 0.09444444444444444
17 0.828125 0.525 0.3375 0.475
17 0.70625 0.4222222222222222 0.20625 0.37777777777777777
17 0.2359375 0.6055555555555555 0.4703125 0.6444444444444445
17 0.5015625 0.2972222222222222 0.15 0.2
17 0.625 0.2916666666666667 0.109375 0.19722222222222222
17 0.446875 0.23055555555555557 0.0703125 0.09166666666666666
5 0.91875 0.3527777777777778 0.159375 0.20833333333333334
17 0.7578125 0.2388888888888889 0.103125 0.06388888888888888
17 0.8890625 0.2638888888888889 0.1125 0.08611111111111111
17 0.9546875 0.25 0.0859375 0.08888888888888889
4 0.7328125 0.18055555555555555 0.10625 0.08333333333333333
4 0.946875 0.175 0.1015625 0.09722222222222222
17 0.8203125 0.25277777777777777 0.0296875 0.08888888888888889
5 0.2609375 0.2388888888888889 0.0421875 0.075
5 0.3890625 0.3638888888888889 0.25 0.23055555555555557