17 0.5140625 0.65 0.3578125 0.6944444444444444
17 0.8015625 0.5138888888888888 0.2328125 0.5027777777777778
17 0.140625 0.4777777777777778 0.28125 0.4777777777777778
17 0.2140625 0.3527777777777778 0.171875 0.30277777777777776
17 0.0953125 0.24166666666666667 0.171875 0.08333333333333333
17 0.0328125 0.17777777777777778 0.0640625 0.058333333333333334
17 0.078125 0.1638888888888889 0.0453125 0.05
17 0.1234375 0.17777777777777778 0.1015625 0.07777777777777778
17 0.2265625 0.18611111111111112 0.096875 0.058333333333333334
17 0.3421875 0.3 0.1015625 0.25277777777777777
17 0.3484375 0.1638888888888889 0.0859375 0.06388888888888888
17 0.4515625 0.2861111111111111 0.1359375 0.23055555555555557
17 0.565625 0.23333333333333334 0.08125 0.1527777777777778
17 0.6265625 0.175 0.0734375 0.05277777777777778
17 0.64375 0.2777777777777778 0.1609375 0.16111111111111112
17 0.7203125 0.21388888888888888 0.1046875 0.09166666666666666
17 0.790625 0.2 0.0890625 0.075
17 0.7984375 0.16111111111111112 0.06875 0.06111111111111111
17 0.875 0.17777777777777778 0.0609375 0.05277777777777778
17 0.9 0.29444444444444445 0.09375 0.23055555555555557
17 0.8203125 0.25 0.16875 0.10555555555555556
19 0.615625 0.14722222222222223 0.1 0.075
5 0.98125 0.20555555555555555 0.0328125 0.075
4 0.7390625 0.1527777777777778 0.0515625 0.06111111111111111