17 0.0875 0.7361111111111112 0.1703125 0.5194444444444445
17 0.10859375 0.4791666666666667 0.2171875 0.3638888888888889
17 0.06796875 0.28888888888888886 0.1359375 0.05555555555555555
17 0.1703125 0.3055555555555556 0.1015625 0.15
17 0.253125 0.32222222222222224 0.1140625 0.19444444444444445
4 0.3109375 0.19166666666666668 0.3015625 0.14722222222222223
17 0.371875 0.4666666666666667 0.2625 0.39166666666666666
17 0.6390625 0.6666666666666666 0.434375 0.6527777777777778
17 0.9125 0.5444444444444444 0.171875 0.48055555555555557
17 0.8828125 0.3472222222222222 0.175 0.17222222222222222
17 0.9546875 0.2722222222222222 0.06875 0.10555555555555556
17 0.896875 0.25555555555555554 0.1 0.04722222222222222
17 0.7265625 0.29444444444444445 0.0875 0.14722222222222223
17 0.8078125 0.28055555555555556 0.0703125 0.13055555555555556
17 0.534375 0.3472222222222222 0.15625 0.2
17 0.48125 0.25555555555555554 0.115625 0.05
17 0.403125 0.25 0.0609375 0.05555555555555555
13 0.5140625 0.2222222222222222 0.025 0.06111111111111111
17 0.6046875 0.21388888888888888 0.0546875 0.04722222222222222
17 0.675 0.21666666666666667 0.05625 0.05
19 0.753125 0.21944444444444444 0.0859375 0.05277777777777778
19 0.8859375 0.20555555555555555 0.0640625 0.05555555555555555
5 0.6453125 0.2861111111111111 0.084375 0.10277777777777777