5 0.33515625 0.7263888888888889 0.6703125 0.5361111111111111
19 0.5140625 0.45 0.35 0.3055555555555556
5 0.184375 0.4527777777777778 0.3046875 0.175
5 0.1 0.5972222222222222 0.1984375 0.26944444444444443
5 0.859375 0.35555555555555557 0.0859375 0.1111111111111111
5 0.0625 0.3527777777777778 0.0890625 0.09444444444444444
4 0.0515625 0.2916666666666667 0.0953125 0.10555555555555556
4 0.409375 0.2861111111111111 0.209375 0.10833333333333334
17 0.7859375 0.4777777777777778 0.1578125 0.2638888888888889
17 0.7515625 0.40555555555555556 0.1203125 0.17222222222222222
17 0.94375 0.36666666666666664 0.1078125 0.1638888888888889
17 0.7515625 0.3055555555555556 0.0703125 0.03888888888888889
17 0.6671875 0.33055555555555555 0.05625 0.09722222222222222
17 0.8625 0.28888888888888886 0.053125 0.04722222222222222
17 0.2234375 0.3527777777777778 0.121875 0.11666666666666667
17 0.334375 0.3527777777777778 0.103125 0.12222222222222222
17 0.4046875 0.3416666666666667 0.053125 0.10277777777777777
17 0.6015625 0.28888888888888886 0.0703125 0.030555555555555555