19 0.1140625 0.4 0.2125 0.2833333333333333
17 0.5125 0.6472222222222223 0.334375 0.5694444444444444
17 0.315625 0.4638888888888889 0.16875 0.30833333333333335
17 0.3609375 0.3277777777777778 0.1125 0.10833333333333334
17 0.4578125 0.31666666666666665 0.1015625 0.10555555555555556
5 0.565625 0.46111111111111114 0.225 0.26666666666666666
4 0.578125 0.24166666666666667 0.2578125 0.23055555555555557
4 0.8328125 0.4986111111111111 0.328125 0.9972222222222222
4 0.1875 0.25277777777777777 0.2359375 0.33611111111111114
4 0.05625 0.2222222222222222 0.0453125 0.1111111111111111
4 0.0203125 0.24444444444444444 0.0375 0.07777777777777778
11 0.396875 0.24166666666666667 0.1359375 0.10555555555555556
11 0.646875 0.3333333333333333 0.140625 0.30277777777777776