4 0.09609375 0.12916666666666668 0.1921875 0.24166666666666667
4 0.2 0.15833333333333333 0.0453125 0.13055555555555556
4 0.378125 0.11944444444444445 0.1765625 0.17777777777777778
4 0.5015625 0.14166666666666666 0.0671875 0.07777777777777778
4 0.6375 0.11666666666666667 0.1 0.07777777777777778
4 0.75 0.09166666666666666 0.06875 0.07777777777777778
4 0.965625 0.18611111111111112 0.0671875 0.23055555555555557
17 0.471875 0.8277777777777777 0.265625 0.325
17 0.7015625 0.5972222222222222 0.1234375 0.2972222222222222
10 0.8640625 0.5638888888888889 0.0515625 0.1361111111111111
5 0.0359375 0.5305555555555556 0.071875 0.24166666666666667
5 0.3765625 0.6222222222222222 0.3078125 0.3388888888888889
5 0.209375 0.5388888888888889 0.275 0.2861111111111111
5 0.25625 0.39444444444444443 0.225 0.16666666666666666
5 0.2421875 0.3416666666666667 0.1984375 0.14722222222222223
5 0.4375 0.4083333333333333 0.1875 0.1638888888888889
5 0.7625 0.4638888888888889 0.1453125 0.21388888888888888
15 0.6140625 0.4 0.1640625 0.225
5 0.046875 0.26944444444444443 0.0890625 0.06111111111111111
15 0.140625 0.24722222222222223 0.10625 0.08611111111111111
5 0.2375 0.2722222222222222 0.1453125 0.09444444444444444
15 0.365625 0.2222222222222222 0.1203125 0.08888888888888889
5 0.29375 0.22777777777777777 0.0734375 0.075
5 0.2515625 0.2 0.0703125 0.041666666666666664
5 0.253125 0.3972222222222222 0.2265625 0.1361111111111111
5 0.4828125 0.3194444444444444 0.153125 0.13055555555555556
5 0.475 0.2611111111111111 0.134375 0.07777777777777778
17 0.5796875 0.26944444444444443 0.0703125 0.10833333333333334
17 0.878125 0.30833333333333335 0.05 0.12222222222222222
17 0.85625 0.26944444444444443 0.04375 0.125
17 0.79375 0.22777777777777777 0.040625 0.07777777777777778
5 0.8015625 0.29444444444444445 0.075 0.1111111111111111
5 0.721875 0.3277777777777778 0.08125 0.1361111111111111
5 0.6890625 0.26666666666666666 0.0984375 0.06111111111111111
5 0.6515625 0.25277777777777777 0.0796875 0.07777777777777778
5 0.6 0.21388888888888888 0.0765625 0.08333333333333333
5 0.709375 0.225 0.065625 0.07222222222222222
5 0.6640625 0.19444444444444445 0.046875 0.03888888888888889
10 0.7640625 0.21944444444444444 0.0171875 0.05555555555555555
19 0.8390625 0.2 0.053125 0.08888888888888889
5 0.9203125 0.22777777777777777 0.0328125 0.07777777777777778
5 0.90625 0.175 0.040625 0.041666666666666664
5 0.88125 0.225 0.040625 0.06111111111111111
9 0.403125 0.17777777777777778 0.08125 0.06111111111111111
9 0.7328125 0.18055555555555555 0.059375 0.08055555555555556
5 0.7796875 0.19166666666666668 0.040625 0.06111111111111111
5 0.9375 0.14166666666666666 0.0234375 0.03611111111111111
5 0.915625 0.1361111111111111 0.0140625 0.027777777777777776
9 0.6375 0.16666666666666666 0.0484375 0.058333333333333334
5 0.4703125 0.20555555555555555 0.0828125 0.05277777777777778
5 0.546875 0.18888888888888888 0.053125 0.03888888888888889
5 0.503125 0.17777777777777778 0.04375 0.022222222222222223
4 0.8203125 0.1 0.04375 0.03611111111111111