4 0.7234375 0.4027777777777778 0.153125 0.09166666666666666
19 0.9203125 0.425 0.1125 0.10277777777777777
17 0.8359375 0.44166666666666665 0.06875 0.08611111111111111
17 0.859375 0.5277777777777778 0.0796875 0.15
17 0.05234375 0.6458333333333334 0.1046875 0.2972222222222222
17 0.0859375 0.5722222222222222 0.146875 0.175
17 0.1828125 0.6333333333333333 0.153125 0.29444444444444445
17 0.3046875 0.6111111111111112 0.18125 0.24722222222222223
17 0.425 0.5388888888888889 0.0828125 0.15555555555555556
17 0.3515625 0.475 0.103125 0.08333333333333333
17 0.378125 0.43333333333333335 0.065625 0.041666666666666664
17 0.4671875 0.5194444444444445 0.1140625 0.1527777777777778
17 0.5484375 0.5333333333333333 0.128125 0.1638888888888889
17 0.59375 0.5861111111111111 0.1671875 0.21666666666666667
17 0.7328125 0.6027777777777777 0.0953125 0.25833333333333336
17 0.746875 0.5333333333333333 0.090625 0.17222222222222222
17 0.7734375 0.4861111111111111 0.05625 0.10277777777777777
17 0.746875 0.4388888888888889 0.075 0.05277777777777778
17 0.659375 0.49166666666666664 0.096875 0.11666666666666667
17 0.6328125 0.45 0.06875 0.06388888888888888
19 0.4875 0.4388888888888889 0.1375 0.07777777777777778
19 0.5953125 0.4388888888888889 0.0734375 0.09166666666666666
5 0.25625 0.4777777777777778 0.1015625 0.06388888888888888
5 0.11875 0.46944444444444444 0.128125 0.058333333333333334
5 0.4078125 0.7888888888888889 0.475 0.41388888888888886
5 0.903125 0.5833333333333334 0.1921875 0.18333333333333332
4 0.940625 0.6833333333333333 0.115625 0.6138888888888889
19 0.5453125 0.38055555555555554 0.05 0.025