10 0.6796875 0.6916666666666667 0.10625 0.2388888888888889
10 0.25625 0.9611111111111111 0.090625 0.075
5 0.29921875 0.7222222222222222 0.5984375 0.5333333333333333
5 0.66875 0.5083333333333333 0.2375 0.25277777777777777
5 0.2890625 0.5027777777777778 0.396875 0.2222222222222222
5 0.171875 0.4638888888888889 0.259375 0.18888888888888888
19 0.5671875 0.4083333333333333 0.2234375 0.19722222222222222
17 0.784375 0.4166666666666667 0.09375 0.16944444444444445
17 0.8359375 0.39444444444444443 0.0921875 0.15555555555555556
17 0.8703125 0.35555555555555557 0.0609375 0.11388888888888889
17 0.903125 0.3388888888888889 0.0359375 0.1
17 0.7015625 0.3611111111111111 0.0671875 0.09444444444444444
5 0.74375 0.3388888888888889 0.05 0.05555555555555555
5 0.8046875 0.31666666666666665 0.0421875 0.05555555555555555
4 0.85625 0.2833333333333333 0.0953125 0.06111111111111111
4 0.1875 0.29444444444444445 0.225 0.11388888888888889
17 0.0609375 0.36666666666666664 0.115625 0.125
17 0.175 0.3611111111111111 0.109375 0.125
17 0.284375 0.35555555555555557 0.09375 0.10277777777777777
17 0.359375 0.35 0.0796875 0.10555555555555556
17 0.40625 0.33611111111111114 0.046875 0.08888888888888889
17 0.4609375 0.35 0.065625 0.10277777777777777