18 0.190625 0.36944444444444446 0.1609375 0.2222222222222222
13 0.303125 0.4666666666666667 0.06875 0.18888888888888888
13 0.38125 0.4666666666666667 0.071875 0.18888888888888888
13 0.8203125 0.48333333333333334 0.1046875 0.15555555555555556
13 0.6953125 0.4666666666666667 0.040625 0.1111111111111111
13 0.4375 0.4583333333333333 0.0375 0.1111111111111111
3 0.740625 0.49166666666666664 0.0546875 0.20277777777777778
2 0.6546875 0.46111111111111114 0.046875 0.09444444444444444
11 0.5890625 0.4527777777777778 0.071875 0.12777777777777777
2 0.50625 0.4527777777777778 0.046875 0.1361111111111111
3 0.48125 0.4527777777777778 0.0078125 0.075
10 0.5015625 0.75 0.9875 0.49722222222222223