13 0.76875 0.7076923076923077 0.0875 0.4346153846153846
13 0.075 0.15 0.0578125 0.21153846153846154
13 0.1078125 0.09230769230769231 0.0453125 0.17692307692307693
13 0.6734375 0.25384615384615383 0.0578125 0.25
13 0.7640625 0.2423076923076923 0.0546875 0.22692307692307692
3 0.7984375 0.5 0.0484375 0.1576923076923077
10 0.8375 0.38461538461538464 0.0328125 0.2
13 0.828125 0.23461538461538461 0.0421875 0.21153846153846154
2 0.028125 0.39615384615384613 0.046875 0.40384615384615385
13 0.71875 0.12692307692307692 0.040625 0.16153846153846155
5 0.8609375 0.2 0.090625 0.20384615384615384
5 0.9015625 0.08461538461538462 0.184375 0.12692307692307692
5 0.8484375 0.06153846153846154 0.128125 0.11923076923076924
13 0.7546875 0.06538461538461539 0.0484375 0.11923076923076924
10 0.971875 0.1576923076923077 0.053125 0.09615384615384616