10 0.7890625 0.9330985915492958 0.1015625 0.08274647887323944
13 0.615625 0.9383802816901409 0.071875 0.11795774647887323
13 0.315625 0.8098591549295775 0.05 0.10211267605633803
13 0.2703125 0.7623239436619719 0.040625 0.07394366197183098
2 0.525 0.8873239436619719 0.0984375 0.11267605633802817
5 0.703125 0.8961267605633803 0.1765625 0.09330985915492958
5 0.6234375 0.8327464788732394 0.165625 0.07570422535211267
19 0.5703125 0.7852112676056338 0.16875 0.08098591549295775
5 0.3109375 0.7288732394366197 0.0609375 0.061619718309859156
14 0.3609375 0.7640845070422535 0.03125 0.04401408450704225
10 0.3921875 0.7130281690140845 0.028125 0.02992957746478873
2 0.3296875 0.6866197183098591 0.0359375 0.051056338028169015
4 0.2546875 0.6355633802816901 0.1203125 0.12852112676056338
11 0.34375 0.6267605633802817 0.0546875 0.061619718309859156