2 0.140625 0.8522727272727273 0.1109375 0.11079545454545454
4 0.33125 0.71875 0.084375 0.10227272727272728
4 0.271875 0.6903409090909091 0.06875 0.07954545454545454
4 0.215625 0.6789772727272727 0.065625 0.08522727272727272
4 0.2453125 0.6420454545454546 0.0734375 0.056818181818181816
4 0.2828125 0.6221590909090909 0.046875 0.048295454545454544
4 0.1453125 0.6363636363636364 0.065625 0.06534090909090909
4 0.68125 0.7073863636363636 0.0984375 0.07386363636363637
4 0.546875 0.6761363636363636 0.0796875 0.0625
18 0.5859375 0.7613636363636364 0.1125 0.17329545454545456
13 0.25625 0.7954545454545454 0.025 0.045454545454545456
13 0.33125 0.78125 0.04375 0.05113636363636364