4 0.453125 0.9472222222222222 0.0328125 0.09722222222222222
4 0.4484375 0.8 0.025 0.075
4 0.45625 0.7138888888888889 0.025 0.06111111111111111
4 0.4265625 0.7361111111111112 0.01875 0.06944444444444445
4 0.440625 0.6666666666666666 0.0203125 0.05555555555555555
4 0.390625 0.5194444444444445 0.0140625 0.044444444444444446
4 0.38125 0.3861111111111111 0.0078125 0.022222222222222223
5 0.36875 0.3888888888888889 0.0046875 0.011111111111111112
5 0.3953125 0.48055555555555557 0.0078125 0.013888888888888888
5 0.409375 0.55 0.0078125 0.016666666666666666
13 0.396875 0.55 0.00625 0.016666666666666666
17 0.403125 0.6833333333333333 0.009375 0.022222222222222223
17 0.4125 0.6666666666666666 0.0078125 0.025
10 0.4265625 0.6833333333333333 0.0046875 0.019444444444444445
10 0.4078125 0.6 0.0046875 0.016666666666666666
10 0.4171875 0.5666666666666667 0.0046875 0.016666666666666666
13 0.4421875 0.7472222222222222 0.009375 0.022222222222222223
15 0.4625 0.7694444444444445 0.0140625 0.030555555555555555
11 0.446875 0.8805555555555555 0.0328125 0.03888888888888889
17 0.4796875 0.9388888888888889 0.0140625 0.03888888888888889
5 0.4921875 0.9805555555555555 0.01875 0.030555555555555555