4 0.3375 0.6221590909090909 0.234375 0.17045454545454544
4 0.490625 0.5767045454545454 0.0703125 0.09090909090909091
4 0.88125 0.5397727272727273 0.190625 0.13920454545454544
4 0.7265625 0.5625 0.1203125 0.10227272727272728
11 0.034375 0.6761363636363636 0.0671875 0.1590909090909091
18 0.096875 0.6278409090909091 0.1046875 0.18181818181818182
18 0.19375 0.6079545454545454 0.0921875 0.1278409090909091
11 0.6 0.5369318181818182 0.0828125 0.10227272727272728
2 0.65625 0.5653409090909091 0.021875 0.05397727272727273
5 0.05 0.8011363636363636 0.09375 0.08238636363636363
5 0.090625 0.8068181818181818 0.065625 0.08238636363636363