10 0.5375 0.7583333333333333 0.715625 0.4777777777777778
10 0.3890625 0.2833333333333333 0.0171875 0.044444444444444446
10 0.375 0.28055555555555556 0.0140625 0.041666666666666664
19 0.6484375 0.2777777777777778 0.1390625 0.07777777777777778
17 0.553125 0.275 0.0265625 0.03333333333333333
9 0.44375 0.26944444444444443 0.0359375 0.027777777777777776
15 0.253125 0.30833333333333335 0.0578125 0.08888888888888889
17 0.284375 0.29444444444444445 0.01875 0.05555555555555555
17 0.134375 0.325 0.0453125 0.07777777777777778
17 0.1640625 0.3111111111111111 0.021875 0.05277777777777778
17 0.18125 0.30833333333333335 0.021875 0.04722222222222222