5 0.6875 0.7444444444444445 0.1421875 0.14722222222222223
5 0.528125 0.7166666666666667 0.0640625 0.1
5 0.590625 0.6972222222222222 0.053125 0.058333333333333334
10 0.065625 0.8527777777777777 0.1296875 0.28888888888888886
10 0.4078125 0.7388888888888889 0.0328125 0.08888888888888889
17 0.95 0.6833333333333333 0.0609375 0.03333333333333333
18 0.803125 0.6611111111111111 0.0515625 0.05277777777777778
18 0.9609375 0.6555555555555556 0.0734375 0.06111111111111111
18 0.7046875 0.6555555555555556 0.01875 0.022222222222222223
5 0.6046875 0.6638888888888889 0.015625 0.013888888888888888
15 0.5609375 0.6833333333333333 0.01875 0.041666666666666664
9 0.4953125 0.6861111111111111 0.034375 0.058333333333333334