2 0.06875 0.42045454545454547 0.0484375 0.16287878787878787
10 0.11875 0.3446969696969697 0.0265625 0.12121212121212122
3 0.0390625 0.1553030303030303 0.0125 0.06818181818181818
19 0.0296875 0.13257575757575757 0.046875 0.07196969696969698
13 0.096875 0.20075757575757575 0.05 0.07575757575757576
13 0.0890625 0.1553030303030303 0.028125 0.06439393939393939
13 0.3515625 0.32196969696969696 0.0234375 0.12121212121212122
18 0.3375 0.20075757575757575 0.0765625 0.11742424242424243
11 0.396875 0.16666666666666666 0.0234375 0.07954545454545454
2 0.378125 0.42045454545454547 0.05 0.18181818181818182
13 0.3765625 0.125 0.015625 0.05303030303030303
2 0.3796875 0.26515151515151514 0.0265625 0.11363636363636363
2 0.4046875 0.29545454545454547 0.0328125 0.09848484848484848
10 0.4640625 0.2878787878787879 0.025 0.056818181818181816
5 0.528125 0.49242424242424243 0.0734375 0.1590909090909091
13 0.5890625 0.5454545454545454 0.0578125 0.16287878787878787
19 0.653125 0.4356060606060606 0.146875 0.1590909090909091
5 0.7078125 0.5113636363636364 0.1640625 0.125
5 0.7984375 0.6325757575757576 0.1515625 0.17045454545454544
13 0.7046875 0.678030303030303 0.0734375 0.24621212121212122
2 0.6234375 0.7689393939393939 0.1078125 0.32954545454545453
2 0.8203125 0.875 0.159375 0.23106060606060605
19 0.8953125 0.8181818181818182 0.2046875 0.3409090909090909