11 0.453125 0.9722222222222222 0.025 0.03888888888888889
4 0.4734375 0.9055555555555556 0.0234375 0.08055555555555556
4 0.453125 0.8472222222222222 0.01875 0.07222222222222222
4 0.4765625 0.8055555555555556 0.021875 0.058333333333333334
4 0.45625 0.7388888888888889 0.0203125 0.05
4 0.41875 0.6194444444444445 0.0140625 0.041666666666666664
4 0.409375 0.48333333333333334 0.00625 0.016666666666666666
15 0.484375 0.8472222222222222 0.015625 0.027777777777777776
10 0.440625 0.7722222222222223 0.00625 0.016666666666666666
10 0.4390625 0.7305555555555555 0.0046875 0.013888888888888888
17 0.4296875 0.7916666666666666 0.009375 0.022222222222222223
17 0.4328125 0.7222222222222222 0.0078125 0.022222222222222223
13 0.41875 0.6444444444444445 0.0078125 0.019444444444444445
13 0.4296875 0.6305555555555555 0.0046875 0.011111111111111112
5 0.434375 0.6416666666666667 0.0078125 0.016666666666666666
5 0.415625 0.55 0.0078125 0.013888888888888888
11 0.409375 0.5027777777777778 0.0078125 0.016666666666666666
5 0.396875 0.49444444444444446 0.00625 0.011111111111111112