1 0.8 0.9078947368421053 0.0890625 0.16447368421052633
13 0.6234375 0.8223684210526315 0.028125 0.10526315789473684
13 0.559375 0.7171052631578947 0.0171875 0.06907894736842106
13 0.6140625 0.756578947368421 0.01875 0.07236842105263158
13 0.565625 0.6151315789473685 0.009375 0.03618421052631579
13 0.5609375 0.5723684210526315 0.00625 0.023026315789473683
2 0.5890625 0.7730263157894737 0.0296875 0.10526315789473684
2 0.534375 0.7072368421052632 0.021875 0.07894736842105263
2 0.55625 0.6611842105263158 0.015625 0.039473684210526314
2 0.5546875 0.618421052631579 0.0109375 0.039473684210526314
5 0.6359375 0.7467105263157895 0.03125 0.0756578947368421
10 0.765625 0.8256578947368421 0.040625 0.03289473684210526
10 0.7546875 0.7993421052631579 0.040625 0.039473684210526314
10 0.7421875 0.7960526315789473 0.0421875 0.04276315789473684
10 0.73125 0.7828947368421053 0.0375 0.04276315789473684
10 0.69375 0.7335526315789473 0.021875 0.02631578947368421
5 0.6578125 0.7138157894736842 0.0703125 0.05592105263157895
5 0.6375 0.6973684210526315 0.05625 0.04276315789473684
5 0.5390625 0.5789473684210527 0.0125 0.023026315789473683
5 0.5359375 0.5592105263157895 0.009375 0.013157894736842105
11 0.590625 0.631578947368421 0.025 0.06578947368421052
19 0.63125 0.6710526315789473 0.0703125 0.05263157894736842
0 0.6140625 0.6118421052631579 0.0171875 0.046052631578947366
19 0.525 0.6085526315789473 0.0171875 0.039473684210526314
19 0.5859375 0.569078947368421 0.0109375 0.02631578947368421
13 0.5578125 0.5361842105263158 0.0046875 0.013157894736842105
19 0.54375 0.5230263157894737 0.00625 0.013157894736842105
18 0.5484375 0.5032894736842105 0.00625 0.019736842105263157
11 0.575 0.5427631578947368 0.00625 0.013157894736842105
13 0.56875 0.5394736842105263 0.0046875 0.01644736842105263
13 0.553125 0.5328947368421053 0.003125 0.013157894736842105
18 0.56875 0.5197368421052632 0.009375 0.01644736842105263
10 0.034375 0.8355263157894737 0.025 0.05592105263157895
2 0.0984375 0.8947368421052632 0.0609375 0.13815789473684212
2 0.1625 0.8914473684210527 0.065625 0.13486842105263158
2 0.16875 0.8223684210526315 0.071875 0.06578947368421052
13 0.2546875 0.7828947368421053 0.03125 0.07894736842105263
10 0.2140625 0.7763157894736842 0.03125 0.046052631578947366
3 0.18125 0.7730263157894737 0.034375 0.03289473684210526
10 0.2296875 0.7138157894736842 0.01875 0.03289473684210526
5 0.2578125 0.7203947368421053 0.0453125 0.05921052631578947
2 0.340625 0.7335526315789473 0.0265625 0.08223684210526316
5 0.353125 0.6776315789473685 0.03125 0.046052631578947366
19 0.3734375 0.6282894736842105 0.015625 0.04276315789473684
13 0.40625 0.631578947368421 0.00625 0.046052631578947366
4 0.44375 0.5822368421052632 0.03125 0.06578947368421052
5 0.4640625 0.569078947368421 0.0046875 0.019736842105263157
5 0.521875 0.5427631578947368 0.00625 0.013157894736842105