5 0.1921875 0.96875 0.08125 0.04276315789473684
5 0.2265625 0.9177631578947368 0.06875 0.09868421052631579
5 0.2625 0.8618421052631579 0.0515625 0.08223684210526316
5 0.309375 0.7927631578947368 0.0390625 0.0625
5 0.321875 0.7598684210526315 0.0328125 0.05592105263157895
13 0.3328125 0.9046052631578947 0.034375 0.10526315789473684
13 0.375 0.7039473684210527 0.0125 0.05263157894736842
13 0.396875 0.6710526315789473 0.0125 0.039473684210526314
13 0.3578125 0.631578947368421 0.0078125 0.029605263157894735
2 0.36875 0.6414473684210527 0.0140625 0.029605263157894735
2 0.38125 0.631578947368421 0.009375 0.029605263157894735
2 0.403125 0.6151315789473685 0.009375 0.02631578947368421
2 0.38125 0.5953947368421053 0.0078125 0.023026315789473683
10 0.4328125 0.6644736842105263 0.00625 0.01644736842105263
13 0.3953125 0.6019736842105263 0.00625 0.023026315789473683
5 0.4703125 0.6381578947368421 0.0171875 0.023026315789473683
2 0.48125 0.6546052631578947 0.015625 0.03289473684210526
2 0.53125 0.6578947368421053 0.0203125 0.039473684210526314
13 0.5546875 0.7039473684210527 0.009375 0.049342105263157895
13 0.596875 0.7072368421052632 0.0140625 0.05592105263157895
11 0.590625 0.8289473684210527 0.0640625 0.1875
5 0.63125 0.7401315789473685 0.034375 0.0625
2 0.6421875 0.6973684210526315 0.01875 0.04276315789473684
18 0.609375 0.6151315789473685 0.0328125 0.04276315789473684
3 0.6265625 0.6743421052631579 0.00625 0.023026315789473683
13 0.7 0.9111842105263158 0.040625 0.13157894736842105
13 0.765625 0.9243421052631579 0.0328125 0.11513157894736842
2 0.6953125 0.8388157894736842 0.0421875 0.09210526315789473
5 0.8359375 0.9046052631578947 0.103125 0.08881578947368421
5 0.79375 0.8388157894736842 0.0984375 0.0625
19 0.76875 0.8026315789473685 0.09375 0.08881578947368421
10 0.6671875 0.7664473684210527 0.0125 0.04276315789473684
10 0.671875 0.7203947368421053 0.00625 0.023026315789473683
4 0.6640625 0.6118421052631579 0.0390625 0.08552631578947369