17 0.4890625 0.5138888888888888 0.0234375 0.05
10 0.2671875 0.5277777777777778 0.0265625 0.06388888888888888
5 0.3265625 0.5166666666666667 0.0375 0.044444444444444446
5 0.3484375 0.5166666666666667 0.021875 0.030555555555555555
5 0.4234375 0.5138888888888888 0.015625 0.019444444444444445
5 0.434375 0.5111111111111111 0.009375 0.019444444444444445
5 0.4734375 0.5166666666666667 0.0140625 0.030555555555555555
5 0.66875 0.5277777777777778 0.0859375 0.09444444444444444
10 0.734375 0.5416666666666666 0.0328125 0.05277777777777778
15 0.909375 0.5277777777777778 0.1796875 0.19444444444444445
13 0.409375 0.5166666666666667 0.0125 0.05555555555555555
13 0.4484375 0.5111111111111111 0.0109375 0.027777777777777776
5 0.3609375 0.5111111111111111 0.03125 0.03333333333333333