18 0.4828125 0.8256578947368421 0.1078125 0.33223684210526316
19 0.7765625 0.9210526315789473 0.1 0.14144736842105263
2 0.10625 0.7796052631578947 0.0640625 0.14144736842105263
2 0.165625 0.7269736842105263 0.0625 0.125
2 0.2421875 0.6842105263157895 0.046875 0.10526315789473684
10 0.1953125 0.6546052631578947 0.028125 0.046052631578947366
10 0.203125 0.631578947368421 0.028125 0.03289473684210526
10 0.1984375 0.5888157894736842 0.0234375 0.03618421052631579
5 0.23125 0.5953947368421053 0.0484375 0.0625
13 0.2875 0.6085526315789473 0.0234375 0.07894736842105263
13 0.3265625 0.625 0.0234375 0.08223684210526316
13 0.3546875 0.5625 0.0171875 0.049342105263157895
13 0.334375 0.5592105263157895 0.0171875 0.05263157894736842
13 0.365625 0.5263157894736842 0.0140625 0.046052631578947366
13 0.371875 0.4967105263157895 0.0109375 0.039473684210526314
19 0.3359375 0.506578947368421 0.028125 0.046052631578947366
2 0.3859375 0.5197368421052632 0.0171875 0.046052631578947366
13 0.4234375 0.46710526315789475 0.009375 0.029605263157894735
4 0.428125 0.4407894736842105 0.0203125 0.049342105263157895
17 0.353125 0.4901315789473684 0.0140625 0.03618421052631579
18 0.4796875 0.46710526315789475 0.021875 0.06578947368421052
13 0.5125 0.5361842105263158 0.0125 0.05263157894736842
13 0.528125 0.5427631578947368 0.0140625 0.049342105263157895
13 0.5015625 0.46381578947368424 0.00625 0.029605263157894735
13 0.5140625 0.47039473684210525 0.0078125 0.029605263157894735
13 0.4984375 0.4375 0.00625 0.01644736842105263
2 0.5078125 0.4506578947368421 0.0078125 0.02631578947368421
19 0.5328125 0.4506578947368421 0.0109375 0.02631578947368421
19 0.5265625 0.4440789473684211 0.009375 0.019736842105263157
11 0.55 0.5131578947368421 0.025 0.05921052631578947
0 0.565625 0.4934210526315789 0.0171875 0.039473684210526314
13 0.5546875 0.5986842105263158 0.0171875 0.05921052631578947
2 0.5421875 0.680921052631579 0.03125 0.11513157894736842
13 0.5765625 0.7171052631578947 0.0265625 0.11842105263157894
13 0.6125 0.7138157894736842 0.028125 0.1118421052631579
13 0.6 0.6611842105263158 0.01875 0.09539473684210527
13 0.5765625 0.6217105263157895 0.021875 0.06907894736842106
10 0.359375 0.6578947368421053 0.0203125 0.07894736842105263
1 0.8 0.7861842105263158 0.0953125 0.1611842105263158
10 0.73125 0.680921052631579 0.0390625 0.039473684210526314
10 0.7515625 0.694078947368421 0.0390625 0.039473684210526314
10 0.7125 0.6611842105263158 0.040625 0.049342105263157895
10 0.6734375 0.6217105263157895 0.03125 0.03618421052631579
5 0.6140625 0.6282894736842105 0.034375 0.06578947368421052
5 0.628125 0.5888157894736842 0.071875 0.04276315789473684
5 0.60625 0.5756578947368421 0.0515625 0.03618421052631579
19 0.596875 0.5592105263157895 0.06875 0.049342105263157895
13 0.5046875 0.4375 0.0046875 0.01644736842105263
11 0.515625 0.4243421052631579 0.00625 0.01644736842105263
18 0.5046875 0.40131578947368424 0.009375 0.023026315789473683