5 0.246875 0.9671052631578947 0.0671875 0.049342105263157895
5 0.2625 0.9046052631578947 0.059375 0.09539473684210527
5 0.28125 0.8585526315789473 0.0484375 0.07894736842105263
5 0.3140625 0.7828947368421053 0.0359375 0.07236842105263158
5 0.3171875 0.7401315789473685 0.028125 0.03618421052631579
13 0.35625 0.7006578947368421 0.0125 0.05592105263157895
13 0.38125 0.6842105263157895 0.0140625 0.05263157894736842
13 0.403125 0.6480263157894737 0.0109375 0.03618421052631579
13 0.4109375 0.6282894736842105 0.009375 0.029605263157894735
13 0.39375 0.6217105263157895 0.0078125 0.029605263157894735
13 0.3484375 0.6151315789473685 0.0078125 0.02631578947368421
13 0.34375 0.5986842105263158 0.00625 0.023026315789473683
13 0.33125 0.6118421052631579 0.01875 0.023026315789473683
2 0.3625 0.6480263157894737 0.0171875 0.039473684210526314
2 0.43125 0.6677631578947368 0.015625 0.046052631578947366
2 0.378125 0.6282894736842105 0.009375 0.03289473684210526
2 0.365625 0.6151315789473685 0.009375 0.023026315789473683
19 0.3875 0.6019736842105263 0.015625 0.02631578947368421
3 0.396875 0.6907894736842105 0.00625 0.029605263157894735
18 0.5734375 0.7796052631578947 0.05625 0.125
3 0.5328125 0.6611842105263158 0.0171875 0.019736842105263157
13 0.6 0.6546052631578947 0.015625 0.039473684210526314
13 0.6125 0.7763157894736842 0.015625 0.07894736842105263
2 0.609375 0.7072368421052632 0.0140625 0.05263157894736842
2 0.6140625 0.6644736842105263 0.00625 0.029605263157894735
2 0.6390625 0.7861842105263158 0.0296875 0.08223684210526316
10 0.6578125 0.7664473684210527 0.0140625 0.039473684210526314
10 0.659375 0.7203947368421053 0.0140625 0.02631578947368421
5 0.6953125 0.8289473684210527 0.04375 0.07894736842105263
5 0.853125 0.9046052631578947 0.0890625 0.08881578947368421
5 0.803125 0.8486842105263158 0.096875 0.07236842105263158
19 0.7734375 0.7960526315789473 0.0828125 0.06907894736842106
13 0.73125 0.8585526315789473 0.034375 0.08881578947368421
13 0.796875 0.9259868421052632 0.04375 0.12828947368421054
19 0.8859375 0.9539473684210527 0.084375 0.0756578947368421