18 0.521875 0.6946308724832215 0.084375 0.2214765100671141
18 0.2375 0.7013422818791947 0.125 0.1040268456375839
18 0.3125 0.7114093959731543 0.028125 0.09395973154362416
9 0.33125 0.7214765100671141 0.009375 0.053691275167785234
18 0.384375 0.7046979865771812 0.0875 0.08053691275167785
18 0.6875 0.7281879194630873 0.0453125 0.087248322147651
18 0.7296875 0.7248322147651006 0.0375 0.087248322147651
18 0.6453125 0.7248322147651006 0.0171875 0.04697986577181208
18 0.565625 0.714765100671141 0.0078125 0.06375838926174497
4 0.6328125 0.7214765100671141 0.00625 0.0436241610738255
4 0.6234375 0.7214765100671141 0.009375 0.040268456375838924