4 0.59375 0.7755681818181818 0.0921875 0.09659090909090909
4 0.484375 0.7386363636363636 0.034375 0.07670454545454546
4 0.540625 0.75 0.0703125 0.09375
4 0.4546875 0.7159090909090909 0.059375 0.07386363636363637
4 0.4046875 0.7159090909090909 0.0359375 0.05965909090909091
4 0.5453125 0.6875 0.053125 0.05113636363636364
4 0.8203125 0.7073863636363636 0.084375 0.06818181818181818
4 0.95625 0.7215909090909091 0.084375 0.06534090909090909
4 0.7359375 0.7017045454545454 0.040625 0.05113636363636364
17 0.028125 0.875 0.04375 0.08806818181818182
17 0.034375 0.9659090909090909 0.0640625 0.0625
17 0.1265625 0.9659090909090909 0.05 0.0625
5 0.1140625 0.8664772727272727 0.0734375 0.07102272727272728
11 0.2171875 0.8011363636363636 0.0546875 0.10227272727272728
2 0.421875 0.9232954545454546 0.0984375 0.11363636363636363