10 0.5875 0.7638888888888888 0.8 0.46944444444444444
4 0.075 0.3888888888888889 0.1484375 0.1
17 0.2453125 0.39444444444444443 0.021875 0.030555555555555555
13 0.2734375 0.3888888888888889 0.0109375 0.027777777777777776
4 0.3328125 0.35833333333333334 0.0921875 0.1
4 0.40625 0.35833333333333334 0.0390625 0.06111111111111111
4 0.428125 0.3472222222222222 0.0078125 0.019444444444444445
17 0.4609375 0.375 0.0109375 0.025
12 0.4390625 0.36944444444444446 0.0234375 0.03333333333333333
5 0.5328125 0.37222222222222223 0.0109375 0.016666666666666666
4 0.546875 0.36666666666666664 0.0125 0.030555555555555555
17 0.5640625 0.375 0.009375 0.016666666666666666
5 0.584375 0.37222222222222223 0.0140625 0.016666666666666666
7 0.653125 0.375 0.0265625 0.03611111111111111
4 0.615625 0.36666666666666664 0.0421875 0.027777777777777776
13 0.609375 0.375 0.00625 0.019444444444444445
13 0.6875 0.38055555555555554 0.0125 0.03333333333333333
13 0.6734375 0.37777777777777777 0.0109375 0.025
10 0.7703125 0.39444444444444443 0.025 0.025
10 0.7546875 0.3861111111111111 0.0125 0.030555555555555555