5 0.109375 0.5611111111111111 0.0796875 0.10555555555555556
5 0.1796875 0.5444444444444444 0.128125 0.10555555555555556
5 0.234375 0.5416666666666666 0.059375 0.08055555555555556
5 0.25 0.5388888888888889 0.0734375 0.07222222222222222
5 0.3 0.5305555555555556 0.0546875 0.05555555555555555
5 0.415625 0.5388888888888889 0.015625 0.030555555555555555
5 0.7109375 0.5555555555555556 0.0921875 0.08333333333333333
13 0.3953125 0.5416666666666666 0.034375 0.09166666666666666
13 0.440625 0.5333333333333333 0.0140625 0.03888888888888889
8 0.4546875 0.5277777777777778 0.0125 0.030555555555555555
17 0.490625 0.5388888888888889 0.021875 0.05