4 0.5375 0.555045871559633 0.284375 0.7064220183486238
4 0.884375 0.44954128440366975 0.025 0.07339449541284404
5 0.31875 0.6009174311926605 0.0546875 0.10091743119266056
5 0.371875 0.5963302752293578 0.040625 0.0963302752293578
5 0.334375 0.5091743119266054 0.0203125 0.07339449541284404
18 0.365625 0.5229357798165137 0.053125 0.08256880733944955
18 0.3734375 0.463302752293578 0.0375 0.07339449541284404
18 0.70625 0.4908256880733945 0.0640625 0.3119266055045872
18 0.775 0.44495412844036697 0.0203125 0.09174311926605505
18 0.940625 0.463302752293578 0.0421875 0.09174311926605505
18 0.8109375 0.4541284403669725 0.01875 0.05504587155963303
18 0.853125 0.44954128440366975 0.040625 0.13761467889908258