5 0.5265625 0.7305555555555555 0.0890625 0.11666666666666667
3 0.08125 0.675 0.04375 0.05555555555555555
10 0.221875 0.6833333333333333 0.0265625 0.03611111111111111
10 0.284375 0.6833333333333333 0.0203125 0.027777777777777776
10 0.4640625 0.6916666666666667 0.009375 0.05277777777777778
17 0.3890625 0.7111111111111111 0.053125 0.10555555555555556
4 0.4140625 0.6666666666666666 0.0328125 0.07222222222222222
9 0.4390625 0.6833333333333333 0.0171875 0.03611111111111111
9 0.5890625 0.7027777777777777 0.0828125 0.11666666666666667
5 0.4609375 0.6833333333333333 0.0203125 0.025
5 0.4796875 0.6888888888888889 0.0171875 0.030555555555555555