10 0.5 0.5833333333333334 0.9984375 0.8083333333333333
13 0.815625 0.2111111111111111 0.059375 0.16111111111111112
4 0.890625 0.1638888888888889 0.0765625 0.08333333333333333
2 0.73125 0.17222222222222222 0.0515625 0.06944444444444445
2 0.4484375 0.14166666666666666 0.0359375 0.10833333333333334
2 0.4921875 0.14444444444444443 0.0484375 0.09166666666666666
2 0.378125 0.13333333333333333 0.065625 0.09166666666666666
2 0.29375 0.13055555555555556 0.0671875 0.08888888888888889
13 0.21875 0.11944444444444445 0.08125 0.09166666666666666
2 0.41875 0.1361111111111111 0.0234375 0.08333333333333333
3 0.5421875 0.15833333333333333 0.0265625 0.08055555555555556