2 0.053125 0.9276315789473685 0.0796875 0.12828947368421054
2 0.1421875 0.8947368421052632 0.078125 0.11513157894736842
3 0.0578125 0.8453947368421053 0.0390625 0.03618421052631579
3 0.1546875 0.7960526315789473 0.03125 0.03618421052631579
10 0.1890625 0.7960526315789473 0.0296875 0.04276315789473684
10 0.2 0.7894736842105263 0.0265625 0.039473684210526314
10 0.20625 0.7763157894736842 0.0328125 0.049342105263157895
10 0.2046875 0.7302631578947368 0.0140625 0.03289473684210526
10 0.2546875 0.7006578947368421 0.0140625 0.023026315789473683
5 0.2359375 0.7368421052631579 0.05 0.05921052631578947
3 0.259375 0.6842105263157895 0.0203125 0.023026315789473683
13 0.3734375 0.680921052631579 0.015625 0.049342105263157895
9 0.403125 0.6578947368421053 0.0390625 0.049342105263157895
17 0.3828125 0.6217105263157895 0.0125 0.029605263157894735
4 0.4265625 0.5921052631578947 0.028125 0.05921052631578947
10 0.4578125 0.5986842105263158 0.0046875 0.02631578947368421
13 0.4765625 0.5723684210526315 0.00625 0.023026315789473683
3 0.4875 0.5526315789473685 0.003125 0.01644736842105263
4 0.4734375 0.5460526315789473 0.0109375 0.02631578947368421
5 0.4703125 0.7236842105263158 0.03125 0.05921052631578947
2 0.5359375 0.805921052631579 0.0296875 0.11842105263157894
13 0.59375 0.8223684210526315 0.0265625 0.10526315789473684
13 0.5828125 0.756578947368421 0.0234375 0.07894736842105263
13 0.56875 0.743421052631579 0.0140625 0.07236842105263158
13 0.565625 0.7039473684210527 0.015625 0.03289473684210526
13 0.540625 0.6842105263157895 0.0140625 0.0625
13 0.5375 0.6513157894736842 0.0125 0.04276315789473684
3 0.5265625 0.7171052631578947 0.0078125 0.039473684210526314
1 0.7625 0.9013157894736842 0.0890625 0.16447368421052633
10 0.734375 0.8125 0.0328125 0.039473684210526314
10 0.7265625 0.8026315789473685 0.0421875 0.03289473684210526
10 0.7078125 0.7861842105263158 0.028125 0.039473684210526314
10 0.690625 0.7796052631578947 0.0109375 0.03618421052631579
10 0.66875 0.7302631578947368 0.021875 0.01644736842105263
5 0.6109375 0.7467105263157895 0.03125 0.0756578947368421
5 0.5875 0.7039473684210527 0.021875 0.03289473684210526
5 0.634375 0.7072368421052632 0.06875 0.049342105263157895
5 0.5953125 0.6875 0.046875 0.023026315789473683
19 0.6109375 0.6644736842105263 0.0671875 0.03618421052631579
0 0.596875 0.6085526315789473 0.015625 0.039473684210526314
11 0.571875 0.6348684210526315 0.021875 0.06578947368421052
19 0.5734375 0.569078947368421 0.0109375 0.02631578947368421
2 0.54375 0.5657894736842105 0.0078125 0.02631578947368421
4 0.525 0.5460526315789473 0.0109375 0.039473684210526314
13 0.5546875 0.5427631578947368 0.0046875 0.013157894736842105
11 0.534375 0.5394736842105263 0.0046875 0.01644736842105263
10 0.540625 0.5098684210526315 0.0015625 0.006578947368421052
13 0.553125 0.5592105263157895 0.00625 0.019736842105263157