10 0.5109375 0.8027777777777778 0.71875 0.3861111111111111
13 0.034375 0.5055555555555555 0.040625 0.11666666666666667
13 0.103125 0.5027777777777778 0.0828125 0.13333333333333333
13 0.1453125 0.4722222222222222 0.0484375 0.1
13 0.2015625 0.46111111111111114 0.0703125 0.1111111111111111
13 0.2328125 0.44166666666666665 0.0375 0.07222222222222222
13 0.2703125 0.43333333333333335 0.021875 0.08055555555555556
17 0.3109375 0.4305555555555556 0.0578125 0.09722222222222222
13 0.3734375 0.4222222222222222 0.0765625 0.09444444444444444
17 0.4484375 0.41388888888888886 0.0671875 0.13055555555555556
17 0.4109375 0.40555555555555556 0.015625 0.08888888888888889
11 0.4875 0.38055555555555554 0.0234375 0.05
17 0.5359375 0.36944444444444446 0.015625 0.03611111111111111
13 0.50625 0.375 0.0125 0.041666666666666664
13 0.6234375 0.3611111111111111 0.0453125 0.06388888888888888
11 0.765625 0.33055555555555555 0.125 0.125
13 0.8640625 0.3388888888888889 0.0546875 0.07222222222222222