5 0.2890625 0.5361111111111111 0.071875 0.06666666666666667
5 0.33125 0.5361111111111111 0.0515625 0.06111111111111111
5 0.3609375 0.5305555555555556 0.0390625 0.044444444444444446
5 0.4421875 0.5305555555555556 0.0140625 0.025
5 0.4515625 0.5305555555555556 0.0125 0.027777777777777776
5 0.496875 0.5305555555555556 0.0078125 0.030555555555555555
10 0.146875 0.5611111111111111 0.0546875 0.15833333333333333
13 0.4265625 0.5361111111111111 0.01875 0.07222222222222222
17 0.5125 0.5333333333333333 0.021875 0.04722222222222222
8 0.4828125 0.5222222222222223 0.015625 0.030555555555555555
13 0.46875 0.525 0.0109375 0.027777777777777776
5 0.89375 0.5472222222222223 0.19375 0.1361111111111111
10 0.725 0.5527777777777778 0.0234375 0.044444444444444446