7 0.1296875 0.6555555555555556 0.1125 0.18055555555555555
13 0.3546875 0.6083333333333333 0.034375 0.08611111111111111
4 0.4765625 0.5583333333333333 0.2234375 0.46111111111111114
4 0.6984375 0.4861111111111111 0.040625 0.08055555555555556
5 0.5875 0.5166666666666667 0.015625 0.019444444444444445
5 0.5890625 0.49444444444444446 0.0109375 0.013888888888888888
7 0.9859375 0.55 0.025 0.11388888888888889
7 0.9328125 0.5361111111111111 0.0703125 0.1
7 0.884375 0.5305555555555556 0.040625 0.09444444444444444
7 0.84375 0.5277777777777778 0.0390625 0.08333333333333333
13 0.796875 0.5277777777777778 0.0265625 0.05277777777777778
13 0.78125 0.5222222222222223 0.015625 0.044444444444444446
13 0.7578125 0.5055555555555555 0.0171875 0.044444444444444446