11 0.4578125 0.9666666666666667 0.0328125 0.03888888888888889
4 0.4703125 0.8861111111111111 0.025 0.07777777777777778
4 0.45 0.8277777777777777 0.01875 0.07222222222222222
4 0.478125 0.7944444444444444 0.021875 0.058333333333333334
4 0.4609375 0.7361111111111112 0.021875 0.05277777777777778
15 0.484375 0.8416666666666667 0.0140625 0.027777777777777776
17 0.4265625 0.7722222222222223 0.009375 0.025
17 0.4328125 0.7305555555555555 0.0078125 0.022222222222222223
10 0.446875 0.7777777777777778 0.00625 0.019444444444444445
10 0.44375 0.7388888888888889 0.0046875 0.019444444444444445
10 0.4296875 0.6611111111111111 0.003125 0.013888888888888888
5 0.4328125 0.6305555555555555 0.0078125 0.016666666666666666
4 0.415625 0.6027777777777777 0.0140625 0.041666666666666664
13 0.4203125 0.6333333333333333 0.00625 0.019444444444444445
5 0.415625 0.55 0.0078125 0.013888888888888888
5 0.39375 0.4777777777777778 0.00625 0.008333333333333333
4 0.4078125 0.46944444444444444 0.00625 0.016666666666666666
11 0.4046875 0.4888888888888889 0.0078125 0.016666666666666666