10 0.5828125 0.7972222222222223 0.7140625 0.3972222222222222
17 0.1 0.42777777777777776 0.053125 0.07222222222222222
13 0.203125 0.4305555555555556 0.0796875 0.16111111111111112
11 0.228125 0.4 0.1078125 0.1
4 0.3265625 0.3388888888888889 0.140625 0.16111111111111112
12 0.4234375 0.3611111111111111 0.0375 0.075
4 0.4140625 0.30833333333333335 0.0421875 0.03611111111111111
10 0.9546875 0.425 0.0609375 0.13333333333333333
10 0.9109375 0.4 0.0203125 0.03611111111111111
10 0.85625 0.3888888888888889 0.021875 0.027777777777777776
13 0.834375 0.37777777777777777 0.01875 0.041666666666666664
13 0.8109375 0.375 0.0203125 0.05277777777777778
13 0.75625 0.36944444444444446 0.0125 0.030555555555555555
17 0.6625 0.36666666666666664 0.01875 0.027777777777777776
17 0.6390625 0.3638888888888889 0.021875 0.022222222222222223
17 0.6171875 0.3611111111111111 0.0125 0.019444444444444445
4 0.64375 0.3416666666666667 0.05 0.025
4 0.709375 0.35555555555555557 0.078125 0.05
5 0.78125 0.37222222222222223 0.0234375 0.03611111111111111
13 0.703125 0.36666666666666664 0.015625 0.019444444444444445
13 0.684375 0.3638888888888889 0.0171875 0.022222222222222223
13 0.7390625 0.36666666666666664 0.0140625 0.022222222222222223