5 0.3671875 0.9653979238754326 0.1578125 0.06055363321799308
5 0.4375 0.903114186851211 0.134375 0.09169550173010381
5 0.5078125 0.8529411764705882 0.0890625 0.07093425605536333
5 0.59375 0.78719723183391 0.071875 0.06228373702422145
5 0.615625 0.7439446366782007 0.059375 0.04671280276816609
13 0.6734375 0.9204152249134948 0.0671875 0.11591695501730104
13 0.6703125 0.7768166089965398 0.040625 0.07439446366782007
13 0.728125 0.7577854671280276 0.0375 0.07439446366782007
3 0.7640625 0.884083044982699 0.025 0.07093425605536333
3 0.7828125 0.7889273356401384 0.015625 0.039792387543252594
2 0.690625 0.6280276816608996 0.021875 0.031141868512110725
2 0.728125 0.6211072664359861 0.01875 0.031141868512110725
2 0.8046875 0.6366782006920415 0.0234375 0.03633217993079585
2 0.840625 0.6401384083044983 0.040625 0.03460207612456748
2 0.86875 0.6211072664359861 0.021875 0.031141868512110725
2 0.7875 0.6141868512110726 0.021875 0.031141868512110725
3 0.775 0.6470588235294118 0.0125 0.01903114186851211
13 0.7453125 0.6349480968858131 0.01875 0.025951557093425604
2 0.675 0.596885813148789 0.0140625 0.02249134948096886
2 0.6625 0.5934256055363322 0.0140625 0.02249134948096886
2 0.6921875 0.5847750865051903 0.0140625 0.020761245674740483
13 0.678125 0.6211072664359861 0.009375 0.031141868512110725
4 0.74375 0.5570934256055363 0.059375 0.025951557093425604