2 0.065625 0.8204419889502762 0.128125 0.21823204419889503
2 0.2265625 0.7320441988950276 0.096875 0.1878453038674033
10 0.1203125 0.6795580110497238 0.053125 0.06629834254143646
10 0.1375 0.5662983425414365 0.0453125 0.058011049723756904
5 0.2046875 0.574585635359116 0.0984375 0.09944751381215469
13 0.321875 0.5994475138121547 0.046875 0.1408839779005525
13 0.325 0.5082872928176796 0.0359375 0.03038674033149171
13 0.45625 0.5 0.03125 0.09392265193370165
13 0.5265625 0.430939226519337 0.025 0.06353591160220995
13 0.4953125 0.4447513812154696 0.03125 0.07734806629834254
13 0.496875 0.3756906077348066 0.021875 0.04696132596685083
2 0.4703125 0.4723756906077348 0.0375 0.09116022099447514
19 0.421875 0.40607734806629836 0.053125 0.08839779005524862
17 0.45625 0.3729281767955801 0.025 0.052486187845303865
3 0.0515625 0.6823204419889503 0.0671875 0.052486187845303865
10 0.6078125 0.43922651933701656 0.01875 0.0718232044198895
2 0.5953125 0.3453038674033149 0.00625 0.058011049723756904
5 0.55625 0.292817679558011 0.0453125 0.03314917127071823
13 0.60625 0.31215469613259667 0.015625 0.04143646408839779
13 0.634375 0.30662983425414364 0.015625 0.04696132596685083
4 0.621875 0.27071823204419887 0.040625 0.07734806629834254
4 0.6078125 0.23480662983425415 0.0328125 0.03867403314917127
18 0.71875 0.47790055248618785 0.08125 0.22099447513812154
18 0.7734375 0.20441988950276244 0.0203125 0.03867403314917127
5 0.725 0.2154696132596685 0.0125 0.016574585635359115
5 0.7234375 0.19889502762430938 0.009375 0.011049723756906077
5 0.7234375 0.18232044198895028 0.0078125 0.013812154696132596
2 0.7390625 0.19889502762430938 0.009375 0.019337016574585635
11 0.796875 0.24585635359116023 0.015625 0.027624309392265192
3 0.7625 0.2541436464088398 0.00625 0.019337016574585635
3 0.759375 0.24033149171270718 0.003125 0.013812154696132596
13 0.775 0.292817679558011 0.015625 0.04419889502762431
13 0.78125 0.2845303867403315 0.0109375 0.03867403314917127
13 0.7859375 0.3812154696132597 0.0203125 0.07458563535911603
13 0.809375 0.3756906077348066 0.0203125 0.0718232044198895
13 0.8265625 0.5248618784530387 0.034375 0.1132596685082873
13 0.85 0.6132596685082873 0.04375 0.15193370165745856
13 0.8875 0.5580110497237569 0.0328125 0.10773480662983426
13 0.915625 0.5441988950276243 0.03125 0.1270718232044199
13 0.940625 0.8480662983425414 0.0671875 0.2541436464088398
13 0.978125 0.638121546961326 0.040625 0.1574585635359116
5 0.96875 0.5138121546961326 0.059375 0.0718232044198895
19 0.9546875 0.4723756906077348 0.0875 0.09668508287292818
11 0.8765625 0.4088397790055249 0.0484375 0.11602209944751381
0 0.9078125 0.35911602209944754 0.0375 0.06906077348066299
19 0.8828125 0.3342541436464088 0.01875 0.03591160220994475
19 0.834375 0.2900552486187845 0.025 0.04419889502762431
19 0.825 0.27348066298342544 0.015625 0.03314917127071823
2 0.809375 0.30386740331491713 0.01875 0.049723756906077346