5 0.159375 0.9554455445544554 0.1421875 0.07920792079207921
5 0.2421875 0.8985148514851485 0.115625 0.11386138613861387
5 0.49375 0.7301980198019802 0.0625 0.06930693069306931
5 0.3421875 0.7920792079207921 0.0890625 0.10148514851485149
5 0.3734375 0.7425742574257426 0.0734375 0.08415841584158416
2 0.5296875 0.6386138613861386 0.0359375 0.07673267326732673
2 0.453125 0.5495049504950495 0.028125 0.04950495049504951
2 0.50625 0.5445544554455446 0.021875 0.05198019801980198
2 0.4671875 0.49257425742574257 0.0203125 0.039603960396039604
2 0.4328125 0.4975247524752475 0.0125 0.03712871287128713
2 0.446875 0.46782178217821785 0.015625 0.01485148514851485
13 0.49375 0.5247524752475248 0.009375 0.034653465346534656
0 0.5578125 0.5 0.03125 0.04455445544554455
3 0.5375 0.5396039603960396 0.009375 0.024752475247524754
3 0.559375 0.5371287128712872 0.009375 0.0297029702970297
3 0.571875 0.5420792079207921 0.0078125 0.022277227722772276
18 0.4359375 0.4282178217821782 0.0390625 0.03217821782178218
4 0.5296875 0.4405940594059406 0.0671875 0.039603960396039604
13 0.6078125 0.5866336633663366 0.025 0.06435643564356436
2 0.6765625 0.5717821782178217 0.021875 0.0594059405940594
3 0.6859375 0.594059405940594 0.021875 0.0297029702970297
3 0.7 0.5891089108910891 0.009375 0.0297029702970297
10 0.7125 0.5841584158415841 0.01875 0.04702970297029703
2 0.8234375 0.594059405940594 0.0390625 0.06435643564356436
19 0.8125 0.5247524752475248 0.046875 0.04455445544554455
10 0.9578125 0.6163366336633663 0.01875 0.05693069306930693
3 0.9578125 0.6658415841584159 0.0140625 0.04702970297029703
2 0.984375 0.594059405940594 0.0296875 0.0594059405940594
11 0.9125 0.8316831683168316 0.125 0.26732673267326734
10 0.98125 0.8688118811881188 0.021875 0.08663366336633663
5 0.9875 0.7079207920792079 0.0203125 0.07178217821782178