2 0.159375 0.9592833876221498 0.1296875 0.06351791530944625
2 0.2921875 0.9592833876221498 0.1453125 0.06351791530944625
2 0.3078125 0.9218241042345277 0.1390625 0.06351791530944625
3 0.1359375 0.9332247557003257 0.0671875 0.035830618892508145
3 0.33125 0.8794788273615635 0.075 0.02768729641693811
10 0.4 0.8778501628664495 0.0671875 0.04723127035830619
10 0.428125 0.8697068403908795 0.05 0.043973941368078175
10 0.43125 0.8078175895765473 0.040625 0.03908794788273615
13 0.484375 0.8843648208469055 0.0625 0.08143322475570032
5 0.4953125 0.8192182410423453 0.103125 0.06351791530944625
10 0.5890625 0.8680781758957655 0.028125 0.048859934853420196
10 0.5296875 0.7833876221498371 0.028125 0.024429967426710098
3 0.5359375 0.762214983713355 0.04375 0.02280130293159609
2 0.6375 0.8615635179153095 0.0703125 0.09446254071661238
5 0.690625 0.7703583061889251 0.065625 0.048859934853420196
19 0.7328125 0.7214983713355049 0.034375 0.048859934853420196
13 0.796875 0.7214983713355049 0.0125 0.043973941368078175
18 0.8890625 0.755700325732899 0.075 0.08143322475570032
4 0.8796875 0.6726384364820847 0.065625 0.07003257328990228
2 0.971875 0.6775244299674267 0.0140625 0.03420195439739414
5 0.9203125 0.6563517915309446 0.0109375 0.019543973941368076
4 0.9640625 0.6286644951140065 0.03125 0.030944625407166124