2 0.21875 0.9283088235294118 0.0625 0.125
2 0.203125 0.7757352941176471 0.0359375 0.07169117647058823
2 0.1765625 0.7132352941176471 0.0171875 0.04411764705882353
2 0.1765625 0.6672794117647058 0.0171875 0.029411764705882353
2 0.0640625 0.6783088235294118 0.0140625 0.029411764705882353
13 0.30625 0.9172794117647058 0.0515625 0.11029411764705882
13 0.2859375 0.8511029411764706 0.0390625 0.08088235294117647
13 0.1921875 0.7224264705882353 0.021875 0.034926470588235295
10 0.11875 0.7518382352941176 0.0140625 0.04411764705882353
10 0.5640625 0.9099264705882353 0.0734375 0.03860294117647059
10 0.5421875 0.8970588235294118 0.071875 0.034926470588235295
10 0.5125 0.8878676470588235 0.0625 0.04044117647058824
10 0.5 0.8713235294117647 0.065625 0.04411764705882353
10 0.4421875 0.8290441176470589 0.059375 0.04411764705882353
9 0.328125 0.8382352941176471 0.059375 0.07536764705882353
5 0.36875 0.7977941176470589 0.1265625 0.04411764705882353
5 0.3328125 0.7849264705882353 0.1 0.04411764705882353
19 0.31875 0.7647058823529411 0.128125 0.06433823529411764
11 0.2453125 0.7205882352941176 0.0453125 0.07169117647058823
0 0.2859375 0.6985294117647058 0.0328125 0.04411764705882353
2 0.190625 0.6930147058823529 0.01875 0.02389705882352941
13 0.196875 0.6727941176470589 0.0140625 0.02389705882352941
19 0.1484375 0.6433823529411765 0.0171875 0.022058823529411766
5 0.16875 0.6341911764705882 0.0125 0.014705882352941176
5 0.1578125 0.6231617647058824 0.0125 0.011029411764705883
19 0.2390625 0.6580882352941176 0.0203125 0.02389705882352941
5 0.10625 0.6507352941176471 0.015625 0.01838235294117647
5 0.015625 0.6580882352941176 0.009375 0.02022058823529412
4 0.0046875 0.6709558823529411 0.009375 0.058823529411764705
10 0.09375 0.625 0.00625 0.012867647058823529
18 0.1703125 0.5882352941176471 0.009375 0.016544117647058824
13 0.1890625 0.6488970588235294 0.0125 0.02022058823529412
11 0.2171875 0.6305147058823529 0.0140625 0.014705882352941176
18 0.20625 0.6084558823529411 0.0171875 0.01838235294117647
1 0.6078125 0.9595588235294118 0.1328125 0.07536764705882353