10 0.628125 0.7888888888888889 0.7015625 0.39166666666666666
10 0.021875 0.5694444444444444 0.04375 0.20833333333333334
10 0.471875 0.3888888888888889 0.03125 0.10555555555555556
10 0.5359375 0.36666666666666664 0.0078125 0.03888888888888889
10 0.4046875 0.37222222222222223 0.0140625 0.05
11 0.4046875 0.35555555555555557 0.04375 0.06388888888888888
17 0.115625 0.4361111111111111 0.15 0.2111111111111111
13 0.2328125 0.4 0.0609375 0.11388888888888889
5 0.2234375 0.4 0.0828125 0.09166666666666666
3 0.303125 0.4111111111111111 0.0359375 0.075
13 0.3734375 0.3611111111111111 0.015625 0.03333333333333333
3 0.440625 0.36944444444444446 0.009375 0.044444444444444446
13 0.503125 0.37222222222222223 0.025 0.06388888888888888
13 0.4828125 0.36944444444444446 0.015625 0.06111111111111111
13 0.51875 0.3611111111111111 0.0125 0.03888888888888889
5 0.5578125 0.36666666666666664 0.021875 0.030555555555555555
9 0.5296875 0.35555555555555557 0.009375 0.016666666666666666
4 0.6515625 0.33611111111111114 0.03125 0.022222222222222223
13 0.940625 0.425 0.05625 0.11388888888888889