5 0.4296875 0.7083333333333334 0.0484375 0.05555555555555555
4 0.878125 0.5638888888888889 0.240625 0.4111111111111111
17 0.04375 0.7833333333333333 0.0796875 0.42777777777777776
9 0.2484375 0.6833333333333333 0.053125 0.05555555555555555
5 0.5703125 0.6916666666666667 0.0296875 0.019444444444444445
5 0.5421875 0.675 0.0125 0.016666666666666666
5 0.521875 0.675 0.0140625 0.016666666666666666
5 0.5015625 0.6611111111111111 0.0078125 0.008333333333333333
4 0.5703125 0.6694444444444444 0.0390625 0.05
5 0.4796875 0.6777777777777778 0.0125 0.022222222222222223
5 0.4734375 0.6722222222222223 0.0109375 0.019444444444444445
5 0.484375 0.6694444444444444 0.0078125 0.013888888888888888
5 0.453125 0.6694444444444444 0.0125 0.019444444444444445