10 0.546875 0.7444444444444445 0.715625 0.5055555555555555
0 0.725 0.3194444444444444 0.3390625 0.44722222222222224
10 0.38125 0.25833333333333336 0.009375 0.05277777777777778
10 0.49375 0.25833333333333336 0.0140625 0.06388888888888888
15 0.4265625 0.31666666666666665 0.10625 0.15
17 0.44375 0.23055555555555557 0.0296875 0.013888888888888888
4 0.4515625 0.22777777777777777 0.040625 0.07222222222222222
4 0.4953125 0.23333333333333334 0.040625 0.08888888888888889
4 0.54375 0.2361111111111111 0.0265625 0.03888888888888889
4 0.565625 0.2111111111111111 0.01875 0.027777777777777776
17 0.525 0.24444444444444444 0.0078125 0.016666666666666666
4 0.9375 0.2638888888888889 0.1203125 0.26666666666666666