10 0.040625 0.8355263157894737 0.078125 0.07894736842105263
10 0.0296875 0.680921052631579 0.0375 0.05592105263157895
10 0.190625 0.6019736842105263 0.028125 0.04276315789473684
10 0.4921875 0.5263157894736842 0.0125 0.049342105263157895
2 0.1171875 0.7401315789473685 0.0640625 0.13815789473684212
2 0.1765625 0.694078947368421 0.059375 0.13815789473684212
2 0.25 0.6414473684210527 0.04375 0.10855263157894737
13 0.2640625 0.6973684210526315 0.0359375 0.11513157894736842
13 0.2953125 0.569078947368421 0.021875 0.0756578947368421
10 0.2078125 0.5493421052631579 0.01875 0.03289473684210526
5 0.2390625 0.555921052631579 0.0453125 0.05921052631578947
3 0.1671875 0.6151315789473685 0.034375 0.039473684210526314
13 0.3578125 0.4934210526315789 0.0140625 0.05263157894736842
13 0.378125 0.4934210526315789 0.0140625 0.049342105263157895
13 0.3765625 0.4473684210526316 0.0078125 0.02631578947368421
19 0.34375 0.46381578947368424 0.025 0.046052631578947366
17 0.359375 0.4473684210526316 0.0109375 0.029605263157894735
2 0.3890625 0.48026315789473684 0.0171875 0.046052631578947366
2 0.43125 0.41776315789473684 0.009375 0.029605263157894735
5 0.40625 0.40131578947368424 0.021875 0.01644736842105263
4 0.4390625 0.39144736842105265 0.0171875 0.046052631578947366
4 0.43125 0.3717105263157895 0.015625 0.023026315789473683
10 0.4421875 0.4506578947368421 0.00625 0.03289473684210526
13 0.615625 0.8782894736842105 0.0484375 0.21052631578947367
13 0.6390625 0.75 0.0328125 0.14802631578947367
13 0.5734375 0.6644736842105263 0.028125 0.1118421052631579
13 0.60625 0.6019736842105263 0.0203125 0.08552631578947369
13 0.5484375 0.5625 0.0265625 0.06907894736842106
13 0.5625 0.5493421052631579 0.0125 0.05592105263157895
13 0.521875 0.4901315789473684 0.0125 0.046052631578947366
13 0.525 0.46381578947368424 0.00625 0.02631578947368421
18 0.471875 0.6513157894736842 0.06875 0.24013157894736842
5 0.79296875 0.8930921052631579 0.1078125 0.19407894736842105
1 0.809375 0.7302631578947368 0.0921875 0.1513157894736842
10 0.76875 0.6644736842105263 0.03125 0.04276315789473684
10 0.7234375 0.6217105263157895 0.0296875 0.039473684210526314
10 0.7390625 0.6282894736842105 0.0328125 0.03289473684210526
10 0.753125 0.6414473684210527 0.0328125 0.039473684210526314
10 0.715625 0.6118421052631579 0.034375 0.039473684210526314
10 0.6828125 0.5789473684210527 0.028125 0.03289473684210526
10 0.6703125 0.5723684210526315 0.03125 0.02631578947368421
10 0.66875 0.5625 0.03125 0.023026315789473683
5 0.61875 0.5789473684210527 0.0359375 0.07236842105263158
5 0.634375 0.5394736842105263 0.0703125 0.046052631578947366
5 0.6125 0.5263157894736842 0.0546875 0.039473684210526314
19 0.603125 0.5098684210526315 0.0703125 0.0625
11 0.5578125 0.46710526315789475 0.0234375 0.06578947368421052
0 0.5734375 0.4440789473684211 0.0171875 0.04276315789473684
19 0.5609375 0.4309210526315789 0.009375 0.023026315789473683
19 0.5390625 0.40460526315789475 0.0109375 0.02631578947368421
19 0.534375 0.39473684210526316 0.009375 0.019736842105263157
2 0.5265625 0.41118421052631576 0.0078125 0.02631578947368421
13 0.5140625 0.4144736842105263 0.0078125 0.023026315789473683
13 0.5125 0.40789473684210525 0.00625 0.02631578947368421
11 0.5203125 0.3782894736842105 0.00625 0.01644736842105263
3 0.50625 0.3881578947368421 0.0015625 0.013157894736842105
3 0.4984375 0.3782894736842105 0.0015625 0.009868421052631578
18 0.509375 0.35526315789473684 0.009375 0.023026315789473683
5 0.4875 0.3684210526315789 0.00625 0.009868421052631578
5 0.4875 0.35855263157894735 0.0046875 0.006578947368421052
5 0.4859375 0.34539473684210525 0.003125 0.006578947368421052
2 0.4953125 0.35526315789473684 0.003125 0.009868421052631578
10 0.490625 0.35526315789473684 0.0015625 0.009868421052631578
19 0.51875 0.3618421052631579 0.0046875 0.013157894736842105