4 0.1421875 0.347926267281106 0.240625 0.4930875576036866
2 0.61875 0.771889400921659 0.2203125 0.34101382488479265
2 0.8953125 0.8870967741935484 0.1984375 0.21428571428571427
13 0.3390625 0.5806451612903226 0.090625 0.2304147465437788
13 0.4265625 0.5460829493087558 0.0796875 0.2073732718894009
10 0.6109375 0.5253456221198156 0.1046875 0.09907834101382489
2 0.3234375 0.4377880184331797 0.0984375 0.16820276497695852
5 0.5328125 0.4631336405529954 0.18125 0.1313364055299539
5 0.4375 0.3709677419354839 0.1765625 0.08525345622119816
19 0.3859375 0.30184331797235026 0.2 0.1175115207373272
2 0.096875 0.09216589861751152 0.0625 0.03456221198156682
2 0.1640625 0.055299539170506916 0.0453125 0.04377880184331797
11 0.00859375 0.2764976958525346 0.0171875 0.22580645161290322