9 0.3859375 0.33055555555555555 0.228125 0.375
3 0.2203125 0.37777777777777777 0.090625 0.11944444444444445
3 0.6625 0.3472222222222222 0.05 0.25277777777777777
13 0.8421875 0.4166666666666667 0.2046875 0.3611111111111111
3 0.965625 0.375 0.0671875 0.25277777777777777
13 0.259375 0.2 0.034375 0.08888888888888889
11 0.20625 0.2 0.0921875 0.18611111111111112
17 0.03125 0.18888888888888888 0.0421875 0.075
13 0.5375 0.21944444444444444 0.0375 0.1
13 0.48125 0.23333333333333334 0.04375 0.12777777777777777
13 0.896875 0.28888888888888886 0.0765625 0.15833333333333333
13 0.7640625 0.2611111111111111 0.0609375 0.12777777777777777
9 0.06875 0.175 0.0359375 0.09166666666666666
4 0.2734375 0.1527777777777778 0.06875 0.10277777777777777
4 0.146875 0.1361111111111111 0.03125 0.058333333333333334
13 0.796875 0.22777777777777777 0.0578125 0.10277777777777777
13 0.5703125 0.2111111111111111 0.025 0.09444444444444444
17 0.6078125 0.21666666666666667 0.0546875 0.10277777777777777
13 0.00625 0.17777777777777778 0.0125 0.06666666666666667
13 0.965625 0.2111111111111111 0.04375 0.06388888888888888