5 0.1638888888888889 0.6140625 0.32222222222222224 0.23125
17 0.26666666666666666 0.5203125 0.03888888888888889 0.0234375
10 0.4722222222222222 0.525 0.022222222222222223 0.0234375
15 0.5 0.525 0.03333333333333333 0.0171875
5 0.5972222222222222 0.5296875 0.041666666666666664 0.0203125
9 0.6527777777777778 0.525 0.03611111111111111 0.021875
13 0.7444444444444445 0.5390625 0.05555555555555555 0.05
13 0.7055555555555556 0.5359375 0.027777777777777776 0.0515625
5 0.5583333333333333 0.528125 0.025 0.0171875
5 0.325 0.51875 0.03333333333333333 0.0125
5 0.3611111111111111 0.51875 0.025 0.0109375