13 0.4015625 0.6138888888888889 0.1125 0.31666666666666665
11 0.6015625 0.5916666666666667 0.1296875 0.33611111111111114
4 0.2671875 0.35555555555555557 0.221875 0.10555555555555556
13 0.5390625 0.49444444444444446 0.046875 0.15555555555555556
13 0.946875 0.5166666666666667 0.0890625 0.1361111111111111
13 0.4890625 0.4666666666666667 0.03125 0.10277777777777777
4 0.3875 0.37222222222222223 0.04375 0.06388888888888888
13 0.8375 0.7805555555555556 0.321875 0.4083333333333333
13 0.303125 0.48333333333333334 0.075 0.14722222222222223
13 0.246875 0.5333333333333333 0.1875 0.23055555555555557
13 0.1921875 0.6027777777777777 0.225 0.3527777777777778
13 0.13125 0.6638888888888889 0.2625 0.45555555555555555
13 0.1296875 0.7111111111111111 0.2578125 0.4361111111111111
13 0.70625 0.4527777777777778 0.040625 0.075
13 0.396875 0.4305555555555556 0.0296875 0.041666666666666664
13 0.440625 0.4305555555555556 0.0234375 0.04722222222222222
13 0.421875 0.4361111111111111 0.0265625 0.05