5 0.8546875 0.46111111111111114 0.20625 0.225
5 0.425 0.4888888888888889 0.36875 0.25
9 0.2234375 0.4111111111111111 0.3265625 0.25833333333333336
17 0.98125 0.3972222222222222 0.0359375 0.17222222222222222
17 0.1359375 0.3333333333333333 0.0859375 0.11388888888888889
10 0.5015625 0.3138888888888889 0.0234375 0.044444444444444446
10 0.434375 0.3055555555555556 0.0140625 0.05
10 0.4125 0.3111111111111111 0.01875 0.041666666666666664
8 0.70625 0.3888888888888889 0.2125 0.21666666666666667
15 0.9140625 0.3388888888888889 0.103125 0.11388888888888889
5 0.2703125 0.7555555555555555 0.525 0.48333333333333334
5 0.853125 0.3111111111111111 0.046875 0.05
5 0.5453125 0.36944444444444446 0.1359375 0.08888888888888889