13 0.7171875 0.6472222222222223 0.20625 0.6305555555555555
17 0.4828125 0.5805555555555556 0.290625 0.5138888888888888
8 0.8078125 0.3111111111111111 0.1359375 0.25555555555555554
5 0.725 0.28888888888888886 0.05625 0.10833333333333334
17 0.5859375 0.3527777777777778 0.121875 0.17777777777777778
13 0.890625 0.325 0.0484375 0.16111111111111112
5 0.31875 0.4861111111111111 0.0890625 0.17222222222222222
11 0.17421875 0.33055555555555555 0.3484375 0.2
13 0.071875 0.2611111111111111 0.078125 0.12777777777777777
13 0.4625 0.2361111111111111 0.0171875 0.06388888888888888
13 0.984375 0.35555555555555557 0.0296875 0.16111111111111112
5 0.6734375 0.3333333333333333 0.071875 0.125