5 0.7875 0.7277777777777777 0.05 0.075
15 0.3796875 0.7138888888888889 0.0359375 0.058333333333333334
17 0.4015625 0.7055555555555556 0.0046875 0.03333333333333333
5 0.409375 0.7027777777777777 0.009375 0.022222222222222223
13 0.3578125 0.7027777777777777 0.0046875 0.03333333333333333
20 0.3015625 0.7361111111111112 0.0265625 0.03611111111111111
20 0.228125 0.7833333333333333 0.0671875 0.075
11 0.078125 0.7222222222222222 0.1234375 0.18055555555555555
5 0.16875 0.7305555555555555 0.05625 0.07222222222222222
13 0.35 0.7027777777777777 0.0078125 0.025
13 0.321875 0.7027777777777777 0.0078125 0.03333333333333333