9 0.8833333333333333 0.55625 0.13333333333333333 0.0734375
5 0.7472222222222222 0.559375 0.05277777777777778 0.0375
5 0.6194444444444445 0.578125 0.14722222222222223 0.075
15 0.49722222222222223 0.5609375 0.11944444444444445 0.0609375
5 0.3055555555555556 0.5578125 0.08055555555555556 0.040625
5 0.10555555555555556 0.565625 0.09444444444444444 0.0578125
17 0.041666666666666664 0.575 0.03611111111111111 0.1140625
17 0.21944444444444444 0.5515625 0.03888888888888889 0.025
17 0.375 0.553125 0.05 0.0359375
17 0.4166666666666667 0.5515625 0.03333333333333333 0.025
18 0.5444444444444444 0.515625 0.12222222222222222 0.0421875