17 0.471875 0.6111111111111112 0.1375 0.24166666666666667
13 0.66875 0.5916666666666667 0.1546875 0.2222222222222222
13 0.8921875 0.6194444444444445 0.18125 0.3055555555555556
5 0.796875 0.5944444444444444 0.0859375 0.08888888888888889
17 0.7671875 0.525 0.0484375 0.05555555555555555
17 0.59375 0.5222222222222223 0.0421875 0.05555555555555555
17 0.15 0.5166666666666667 0.028125 0.03888888888888889
17 0.1875 0.5194444444444445 0.0359375 0.041666666666666664
17 0.2515625 0.5222222222222223 0.0234375 0.05277777777777778
13 0.2859375 0.5638888888888889 0.0625 0.125
10 0.1984375 0.6111111111111112 0.0859375 0.11388888888888889
10 0.3453125 0.5277777777777778 0.0171875 0.022222222222222223
13 0.23125 0.5138888888888888 0.0171875 0.03611111111111111
17 0.0890625 0.5194444444444445 0.0296875 0.03611111111111111
13 0.128125 0.5166666666666667 0.0140625 0.041666666666666664
17 0.6796875 0.525 0.025 0.05555555555555555