7 0.4890625 0.6767441860465117 0.0765625 0.08372093023255814
17 0.5640625 0.8558139534883721 0.059375 0.07209302325581396
17 0.5265625 0.8930232558139535 0.0640625 0.06511627906976744
17 0.6046875 0.8232558139534883 0.0546875 0.06744186046511629
11 0.2984375 0.6604651162790698 0.075 0.06976744186046512
17 0.146875 0.8232558139534883 0.0625 0.07209302325581396
17 0.09375 0.8837209302325582 0.0765625 0.06976744186046512
17 0.15 0.8976744186046511 0.0671875 0.07209302325581396
17 0.61875 0.5883720930232558 0.0453125 0.05581395348837209
17 0.6609375 0.6162790697674418 0.046875 0.053488372093023255
17 0.5765625 0.6348837209302326 0.0484375 0.053488372093023255
17 0.6625 0.6697674418604651 0.05 0.05581395348837209
17 0.6265625 0.713953488372093 0.0515625 0.05581395348837209
17 0.6921875 0.7023255813953488 0.0515625 0.05116279069767442
17 0.71875 0.6581395348837209 0.053125 0.06046511627906977
19 0.8140625 0.6232558139534884 0.065625 0.09534883720930233
17 0.4828125 0.7604651162790698 0.0578125 0.06511627906976744
13 0.3046875 0.8488372093023255 0.053125 0.06511627906976744
5 0.4109375 0.6627906976744186 0.0859375 0.07441860465116279
9 0.4046875 0.7348837209302326 0.09375 0.08139534883720931
5 0.390625 0.8093023255813954 0.0953125 0.08372093023255814
17 0.278125 0.5302325581395348 0.0375 0.05813953488372093
17 0.0703125 0.5279069767441861 0.0546875 0.05581395348837209
17 0.928125 0.5837209302325581 0.0421875 0.06279069767441861
5 0.9484375 0.6651162790697674 0.0515625 0.11395348837209303
17 0.69375 0.5744186046511628 0.0421875 0.053488372093023255
17 0.715625 0.5302325581395348 0.034375 0.05116279069767442
17 0.7515625 0.5162790697674419 0.0359375 0.06279069767441861
17 0.725 0.48372093023255813 0.034375 0.046511627906976744
17 0.7640625 0.46744186046511627 0.028125 0.05116279069767442
17 0.8234375 0.49534883720930234 0.03125 0.06046511627906977
19 0.7015625 0.7790697674418605 0.103125 0.11395348837209303
11 0.33125 0.18604651162790697 0.0453125 0.06046511627906977
5 0.93125 0.7930232558139535 0.065625 0.14418604651162792
17 0.7625 0.6302325581395349 0.04375 0.06511627906976744
17 0.821875 0.5534883720930233 0.0375 0.05581395348837209
5 0.6515625 0.5395348837209303 0.06875 0.06046511627906977
15 0.5328125 0.6093023255813953 0.0875 0.07441860465116279
5 0.5484375 0.7069767441860465 0.084375 0.07906976744186046
15 0.7765625 0.7162790697674418 0.0859375 0.09302325581395349
15 0.878125 0.4511627906976744 0.040625 0.08372093023255814
9 0.928125 0.46511627906976744 0.040625 0.08604651162790698
5 0.3234375 0.5302325581395348 0.040625 0.08372093023255814
20 0.3125 0.5790697674418605 0.059375 0.05581395348837209
5 0.059375 0.5790697674418605 0.0921875 0.07674418604651163
10 0.215625 0.7930232558139535 0.04375 0.053488372093023255
17 0.859375 0.3325581395348837 0.0390625 0.05116279069767442
5 0.475 0.27674418604651163 0.046875 0.03953488372093023
5 0.35625 0.39767441860465114 0.0328125 0.06279069767441861
5 0.4 0.3511627906976744 0.0375 0.05581395348837209
5 0.803125 0.45348837209302323 0.0296875 0.07906976744186046
5 0.7796875 0.39767441860465114 0.0453125 0.06046511627906977
5 0.7375 0.4325581395348837 0.0296875 0.06744186046511629
9 0.7171875 0.34651162790697676 0.04375 0.06976744186046512
15 0.9046875 0.5209302325581395 0.0359375 0.08604651162790698
4 0.871875 0.20930232558139536 0.03125 0.07441860465116279
5 0.6640625 0.26976744186046514 0.0515625 0.04883720930232558
5 0.78125 0.3023255813953488 0.0546875 0.05116279069767442
5 0.834375 0.3930232558139535 0.04375 0.06511627906976744
12 0.225 0.43488372093023253 0.040625 0.07906976744186046