5 0.6944444444444444 0.553125 0.23333333333333334 0.115625
5 0.4583333333333333 0.5203125 0.09444444444444444 0.04375
5 0.19444444444444445 0.5171875 0.10277777777777777 0.046875
13 0.013888888888888888 0.5078125 0.027777777777777776 0.04375
13 0.09166666666666666 0.50625 0.044444444444444446 0.0375
5 0.2916666666666667 0.50625 0.03333333333333333 0.0171875
5 0.35555555555555557 0.509375 0.044444444444444446 0.021875
17 0.3861111111111111 0.50625 0.019444444444444445 0.015625
18 0.45 0.4828125 0.07777777777777778 0.0234375
13 0.5277777777777778 0.5046875 0.022222222222222223 0.021875
9 0.5638888888888889 0.503125 0.03611111111111111 0.034375