13 0.7638888888888888 0.5171875 0.075 0.06875
13 0.6888888888888889 0.5125 0.03888888888888889 0.0375
13 0.6527777777777778 0.5109375 0.03611111111111111 0.0359375
5 0.5694444444444444 0.5140625 0.04722222222222222 0.025
5 0.5222222222222223 0.5109375 0.041666666666666664 0.01875
5 0.3388888888888889 0.5109375 0.03888888888888889 0.0203125
10 0.43333333333333335 0.5109375 0.022222222222222223 0.025
19 0.2388888888888889 0.515625 0.075 0.0390625
19 0.11944444444444445 0.515625 0.07777777777777778 0.05
10 0.17777777777777778 0.515625 0.025 0.03125
17 0.015277777777777777 0.525 0.030555555555555555 0.06875
17 0.2861111111111111 0.5125 0.019444444444444445 0.0296875
9 0.6166666666666667 0.5078125 0.03888888888888889 0.025