5 0.1390625 0.8805555555555555 0.221875 0.225
5 0.46875 0.8444444444444444 0.2265625 0.25277777777777777
17 0.3640625 0.5888888888888889 0.115625 0.2
10 0.4140625 0.65 0.0671875 0.1527777777777778
13 0.20625 0.6861111111111111 0.115625 0.19722222222222222
17 0.490625 0.5305555555555556 0.1 0.17222222222222222
17 0.65 0.5944444444444444 0.103125 0.2
17 0.5859375 0.4361111111111111 0.1046875 0.16666666666666666
13 0.5125 0.4111111111111111 0.065625 0.16111111111111112
13 0.621875 0.3055555555555556 0.075 0.14722222222222223
17 0.78125 0.48333333333333334 0.0984375 0.18611111111111112
13 0.8984375 0.08888888888888889 0.0703125 0.11666666666666667
3 0.6953125 0.05277777777777778 0.0609375 0.075