17 0.696875 0.675 0.021875 0.06388888888888888
13 0.7265625 0.6611111111111111 0.028125 0.041666666666666664
5 0.2171875 0.725 0.1203125 0.14444444444444443
3 0.4078125 0.6972222222222222 0.015625 0.14166666666666666
13 0.44375 0.6916666666666667 0.0546875 0.1638888888888889
4 0.3875 0.65 0.0265625 0.10277777777777777
13 0.346875 0.6944444444444444 0.0484375 0.17222222222222222
13 0.3234375 0.6777777777777778 0.0125 0.06944444444444445
13 0.30625 0.6777777777777778 0.0125 0.06111111111111111
5 0.546875 0.6916666666666667 0.0671875 0.09166666666666666
15 0.5 0.6722222222222223 0.0234375 0.058333333333333334