17 0.55 0.5388888888888889 0.0453125 0.10277777777777777
17 0.590625 0.5055555555555555 0.0375 0.05
5 0.6546875 0.5194444444444445 0.0875 0.05
17 0.7625 0.5111111111111111 0.0515625 0.06111111111111111
17 0.7046875 0.5111111111111111 0.0140625 0.05277777777777778
17 0.5140625 0.5027777777777778 0.01875 0.041666666666666664
10 0.5 0.5194444444444445 0.0375 0.03611111111111111
13 0.34375 0.525 0.03125 0.08611111111111111
10 0.36875 0.5388888888888889 0.0171875 0.04722222222222222
17 0.2921875 0.49444444444444446 0.0359375 0.03888888888888889
3 0.2328125 0.5194444444444445 0.034375 0.025
17 0.1828125 0.49722222222222223 0.0359375 0.03888888888888889
17 0.1453125 0.49444444444444446 0.028125 0.03611111111111111
17 0.0953125 0.4888888888888889 0.0265625 0.03611111111111111
4 0.8953125 0.41944444444444445 0.20625 0.46944444444444444