19 0.06388888888888888 0.51875 0.12777777777777777 0.084375
19 0.21388888888888888 0.5125 0.10833333333333334 0.0578125
10 0.14722222222222223 0.5140625 0.022222222222222223 0.034375
5 0.34444444444444444 0.509375 0.044444444444444446 0.021875
5 0.4083333333333333 0.509375 0.044444444444444446 0.0203125
5 0.5361111111111111 0.5140625 0.06388888888888888 0.034375
5 0.475 0.5125 0.04722222222222222 0.0234375
13 0.625 0.5078125 0.030555555555555555 0.0265625
13 0.6638888888888889 0.5078125 0.027777777777777776 0.028125
13 0.6972222222222222 0.5078125 0.03611111111111111 0.0359375
17 0.2722222222222222 0.5125 0.019444444444444445 0.034375