4 0.55625 0.36666666666666664 0.15625 0.2611111111111111
4 0.2109375 0.6388888888888888 0.325 0.3888888888888889
17 0.4875 0.5611111111111111 0.0734375 0.14166666666666666
17 0.3359375 0.8416666666666667 0.134375 0.2388888888888889
17 0.3625 0.7083333333333334 0.115625 0.14722222222222223
17 0.59375 0.5611111111111111 0.078125 0.13055555555555556
5 0.8578125 0.49444444444444446 0.06875 0.11666666666666667
5 0.9453125 0.5194444444444445 0.0703125 0.13333333333333333
5 0.91875 0.9055555555555556 0.1578125 0.17777777777777778
17 0.69375 0.37222222222222223 0.0375 0.06388888888888888
11 0.696875 0.48055555555555557 0.071875 0.14722222222222223
15 0.08125 0.4222222222222222 0.1015625 0.09444444444444444
4 0.7375 0.3 0.0734375 0.1
10 0.8 0.30833333333333335 0.0140625 0.04722222222222222