10 0.3578125 0.5305555555555556 0.171875 0.3388888888888889
13 0.6390625 0.4888888888888889 0.1640625 0.34444444444444444
13 0.8578125 0.4638888888888889 0.1109375 0.25555555555555554
13 0.934375 0.49166666666666664 0.1046875 0.26666666666666666
5 0.340625 0.40555555555555556 0.2625 0.20555555555555555
9 0.5265625 0.4083333333333333 0.23125 0.24444444444444444
9 0.778125 0.41388888888888886 0.18125 0.2611111111111111
17 0.925 0.34444444444444444 0.0796875 0.05555555555555555
10 0.2515625 0.3111111111111111 0.0484375 0.06388888888888888
13 0.8875 0.3194444444444444 0.028125 0.044444444444444446
5 0.975 0.32222222222222224 0.03125 0.05
5 0.12265625 0.5069444444444444 0.2453125 0.2916666666666667