5 0.503125 0.6583333333333333 0.0875 0.12777777777777777
15 0.4421875 0.6305555555555555 0.0296875 0.05555555555555555
5 0.4203125 0.625 0.0125 0.027777777777777776
17 0.4015625 0.625 0.015625 0.03333333333333333
13 0.35625 0.6361111111111111 0.0328125 0.09166666666666666
13 0.309375 0.6305555555555555 0.028125 0.08055555555555556
13 0.378125 0.6305555555555555 0.009375 0.06111111111111111
13 0.3359375 0.625 0.009375 0.06111111111111111
5 0.2859375 0.6361111111111111 0.021875 0.05277777777777778
13 0.221875 0.6527777777777778 0.0546875 0.17777777777777778
13 0.11875 0.7 0.14375 0.5166666666666667