10 0.89375 0.5722222222222222 0.034375 0.10555555555555556
10 0.8375 0.5916666666666667 0.0328125 0.12222222222222222
10 0.8078125 0.5888888888888889 0.0234375 0.10833333333333334
9 0.696875 0.5888888888888889 0.0359375 0.05277777777777778
13 0.665625 0.5944444444444444 0.021875 0.05555555555555555
13 0.6296875 0.6027777777777777 0.0140625 0.05555555555555555
3 0.6171875 0.6277777777777778 0.0234375 0.10277777777777777
13 0.5796875 0.625 0.0328125 0.08888888888888889
13 0.5546875 0.6277777777777778 0.0171875 0.075
10 0.5125 0.6583333333333333 0.0328125 0.05277777777777778
13 0.7671875 0.5722222222222222 0.015625 0.041666666666666664
13 0.78125 0.5694444444444444 0.0109375 0.03888888888888889
13 0.790625 0.5666666666666667 0.0078125 0.03611111111111111
17 0.8671875 0.5527777777777778 0.0171875 0.03888888888888889
13 0.6015625 0.6027777777777777 0.0109375 0.041666666666666664
10 0.2578125 0.7305555555555555 0.046875 0.1111111111111111