4 0.24375 0.5111111111111111 0.396875 0.46111111111111114
13 0.0359375 0.6638888888888889 0.071875 0.26666666666666666
15 0.49375 0.48333333333333334 0.0546875 0.07222222222222222
13 0.7484375 0.5305555555555556 0.053125 0.13333333333333333
19 0.8203125 0.5388888888888889 0.065625 0.12777777777777777
8 0.6859375 0.46944444444444444 0.05625 0.11388888888888889
13 0.640625 0.4861111111111111 0.0265625 0.08888888888888889
17 0.5828125 0.4583333333333333 0.015625 0.041666666666666664
17 0.6015625 0.4583333333333333 0.0125 0.044444444444444446
17 0.5265625 0.4722222222222222 0.021875 0.05277777777777778
8 0.4421875 0.475 0.028125 0.10277777777777777
13 0.4359375 0.49444444444444446 0.0125 0.06111111111111111
4 0.4953125 0.4444444444444444 0.034375 0.041666666666666664
19 0.615625 0.48055555555555557 0.0234375 0.07777777777777778
13 0.9703125 0.6138888888888889 0.0515625 0.2611111111111111
13 0.4671875 0.4666666666666667 0.015625 0.041666666666666664
5 0.0671875 0.8777777777777778 0.134375 0.2388888888888889
13 0.0375 0.5722222222222222 0.04375 0.1111111111111111