5 0.75 0.6888888888888889 0.1796875 0.18888888888888888
5 0.5515625 0.6166666666666667 0.1328125 0.16111111111111112
19 0.7046875 0.8388888888888889 0.1625 0.3138888888888889
10 0.4359375 0.7833333333333333 0.109375 0.16944444444444445
10 0.3828125 0.6916666666666667 0.0796875 0.1
10 0.059375 0.8638888888888889 0.1140625 0.14444444444444443
10 0.05546875 0.9347222222222222 0.1109375 0.125
4 0.5859375 0.4305555555555556 0.2453125 0.30833333333333335
5 0.321875 0.4722222222222222 0.0921875 0.09166666666666666
4 0.38125 0.4 0.1328125 0.1388888888888889
13 0.021875 0.475 0.0390625 0.08333333333333333