13 0.2890625 0.7194444444444444 0.259375 0.5583333333333333
4 0.2703125 0.38333333333333336 0.4046875 0.3333333333333333
4 0.5390625 0.34444444444444444 0.05625 0.06111111111111111
4 0.48125 0.39166666666666666 0.075 0.21666666666666667
13 0.878125 0.4527777777777778 0.0546875 0.09722222222222222
13 0.5625 0.4305555555555556 0.0359375 0.07777777777777778
13 0.5984375 0.425 0.0359375 0.07777777777777778
13 0.521875 0.4305555555555556 0.05 0.09722222222222222
13 0.7859375 0.44166666666666665 0.0546875 0.11388888888888889
20 0.6 0.9444444444444444 0.2671875 0.10555555555555556
13 0.959375 0.4861111111111111 0.078125 0.14444444444444443
10 0.1640625 0.6055555555555555 0.0578125 0.13333333333333333