3 0.5234375 0.8111111111111111 0.1796875 0.26666666666666666
3 0.2875 0.6611111111111111 0.025 0.05555555555555555
17 0.38125 0.5944444444444444 0.0484375 0.058333333333333334
17 0.45 0.5861111111111111 0.0453125 0.058333333333333334
17 0.615625 0.5611111111111111 0.0484375 0.06111111111111111
13 0.490625 0.6166666666666667 0.04375 0.12222222222222222
17 0.1640625 0.6416666666666667 0.046875 0.08055555555555556
7 0.0703125 0.7277777777777777 0.1390625 0.42777777777777776
13 0.6953125 0.5388888888888889 0.025 0.05
17 0.55625 0.5722222222222222 0.025 0.06111111111111111
4 0.23125 0.6027777777777777 0.0859375 0.13333333333333333