4 0.4078125 0.45555555555555555 0.4 0.44722222222222224
4 0.4265625 0.18611111111111112 0.1921875 0.18055555555555555
4 0.8765625 0.20555555555555555 0.1296875 0.18055555555555555
4 0.959375 0.05277777777777778 0.053125 0.058333333333333334
5 0.725 0.2916666666666667 0.1046875 0.14166666666666666
5 0.671875 0.25555555555555554 0.1 0.11388888888888889
17 0.8234375 0.48055555555555557 0.1703125 0.19444444444444445
13 0.41875 0.775 0.2 0.36666666666666664
13 0.0765625 0.7472222222222222 0.153125 0.3194444444444444
13 0.1171875 0.8222222222222222 0.2046875 0.3388888888888889
13 0.2046875 0.8722222222222222 0.196875 0.25277777777777777
9 0.571875 0.1527777777777778 0.0609375 0.10555555555555556
13 0.790625 0.08611111111111111 0.0171875 0.058333333333333334
5 0.7640625 0.09166666666666666 0.04375 0.044444444444444446
13 0.5921875 0.5694444444444444 0.109375 0.2833333333333333