17 0.35625 0.603125 0.2875 0.23125
17 0.18333333333333332 0.5203125 0.09375 0.078125
10 0.022916666666666665 0.53125 0.041666666666666664 0.04375
5 0.09583333333333334 0.4984375 0.052083333333333336 0.034375
19 0.8020833333333334 0.54375 0.32916666666666666 0.1171875
15 0.44375 0.4953125 0.0625 0.028125
4 0.26666666666666666 0.4796875 0.05 0.0203125
4 0.3125 0.4796875 0.03958333333333333 0.009375
10 0.13125 0.49375 0.016666666666666666 0.0125
17 0.04583333333333333 0.5015625 0.025 0.0453125
10 0.06875 0.4828125 0.00625 0.00625