17 0.3328125 0.725 0.2265625 0.3333333333333333
10 0.7625 0.6444444444444445 0.071875 0.2722222222222222
10 0.6984375 0.5083333333333333 0.059375 0.23333333333333334
11 0.4921875 0.3527777777777778 0.1359375 0.4027777777777778
17 0.7640625 0.39444444444444443 0.0890625 0.23055555555555557
17 0.665625 0.35555555555555557 0.0890625 0.19444444444444445
15 0.615625 0.11944444444444445 0.0921875 0.15
10 0.7234375 0.11666666666666667 0.0296875 0.11388888888888889
17 0.8015625 0.3111111111111111 0.075 0.19166666666666668
4 0.90625 0.6194444444444445 0.1859375 0.7444444444444445
9 0.296875 0.25555555555555554 0.09375 0.2361111111111111
5 0.2125 0.36666666666666664 0.1109375 0.19444444444444445
11 0.09375 0.1111111111111111 0.0625 0.14444444444444443
9 0.39375 0.28888888888888886 0.0953125 0.2361111111111111
5 0.6625 0.21388888888888888 0.096875 0.1388888888888889
19 0.509375 0.08055555555555556 0.090625 0.13333333333333333
17 0.68125 0.11666666666666667 0.0625 0.11944444444444445
17 0.59375 0.027777777777777776 0.053125 0.05277777777777778
17 0.403125 0.10277777777777777 0.04375 0.09444444444444444