5 0.3625 0.7333333333333333 0.446875 0.5305555555555556
5 0.7328125 0.7361111111111112 0.53125 0.5222222222222223
13 0.8390625 0.45 0.1953125 0.18055555555555555
17 0.615625 0.41944444444444445 0.05625 0.15
17 0.23125 0.32222222222222224 0.0625 0.04722222222222222
11 0.1109375 0.25833333333333336 0.053125 0.07777777777777778
17 0.115625 0.29444444444444445 0.0265625 0.03888888888888889
5 0.1546875 0.45 0.15625 0.225
5 0.28125 0.4083333333333333 0.1171875 0.14722222222222223
5 0.4328125 0.49722222222222223 0.2453125 0.24722222222222223
5 0.5109375 0.43333333333333335 0.1671875 0.15833333333333333
11 0.3828125 0.3333333333333333 0.0875 0.1
13 0.41875 0.35 0.05 0.08611111111111111
19 0.7265625 0.4638888888888889 0.0890625 0.11944444444444445
13 0.3171875 0.3194444444444444 0.0390625 0.03611111111111111
13 0.26875 0.32222222222222224 0.028125 0.058333333333333334
5 0.1546875 0.325 0.05625 0.06388888888888888
4 0.075 0.26666666666666666 0.0375 0.058333333333333334
4 0.1453125 0.26944444444444443 0.025 0.04722222222222222
5 0.10625 0.37222222222222223 0.071875 0.10277777777777777
17 0.9703125 0.6138888888888889 0.05625 0.3416666666666667
4 0.0140625 0.2611111111111111 0.028125 0.041666666666666664