4 0.5609375 0.41388888888888886 0.159375 0.35555555555555557
13 0.75 0.4583333333333333 0.1078125 0.19444444444444445
13 0.9015625 0.5305555555555556 0.15625 0.2833333333333333
17 0.990625 0.41388888888888886 0.015625 0.09722222222222222
8 0.7671875 0.35833333333333334 0.153125 0.11944444444444445
17 0.075 0.4388888888888889 0.0625 0.12222222222222222
17 0.0625 0.4777777777777778 0.0546875 0.16944444444444445
4 0.0359375 0.3416666666666667 0.06875 0.08611111111111111
4 0.1171875 0.34444444444444444 0.09375 0.10555555555555556
5 0.20625 0.35833333333333334 0.0171875 0.044444444444444446
4 0.2296875 0.3472222222222222 0.040625 0.10555555555555556
18 0.3828125 0.41944444444444445 0.28125 0.44722222222222224