5 0.5729166666666666 0.571875 0.3125 0.1359375
5 0.8208333333333333 0.5671875 0.18541666666666667 0.11875
5 0.35833333333333334 0.50625 0.0625 0.0328125
10 0.22083333333333333 0.5171875 0.027083333333333334 0.0265625
10 0.24791666666666667 0.5125 0.025 0.021875
5 0.17083333333333334 0.5046875 0.06875 0.0375
3 0.06458333333333334 0.496875 0.0125 0.028125
3 0.08541666666666667 0.5125 0.022916666666666665 0.0296875
13 0.07708333333333334 0.4859375 0.010416666666666666 0.0140625
11 0.12083333333333333 0.4890625 0.03333333333333333 0.0328125
5 0.14583333333333334 0.4875 0.0125 0.0125