9 0.6484375 0.38333333333333336 0.0765625 0.10555555555555556
17 0.7375 0.3527777777777778 0.021875 0.06111111111111111
13 0.771875 0.375 0.046875 0.125
13 0.575 0.39166666666666666 0.0359375 0.10833333333333334
13 0.828125 0.3472222222222222 0.046875 0.05555555555555555
13 0.878125 0.3416666666666667 0.0546875 0.058333333333333334
13 0.9375 0.3388888888888889 0.0484375 0.06111111111111111
13 0.978125 0.3388888888888889 0.040625 0.06666666666666667
9 0.478125 0.375 0.0828125 0.06111111111111111
17 0.51875 0.3638888888888889 0.0328125 0.044444444444444446
17 0.4109375 0.36944444444444446 0.021875 0.03611111111111111
17 0.3828125 0.37222222222222223 0.0234375 0.03333333333333333
13 0.3625 0.36944444444444446 0.0140625 0.03888888888888889