10 0.6666666666666666 0.31875 0.16111111111111112 0.1515625
17 0.55 0.23125 0.07777777777777778 0.0625
17 0.38333333333333336 0.228125 0.09166666666666666 0.0625
13 0.04027777777777778 0.253125 0.08055555555555556 0.16875
15 0.09444444444444444 0.20625 0.027777777777777776 0.01875
10 0.2 0.2078125 0.013888888888888888 0.0171875
9 0.2722222222222222 0.2046875 0.019444444444444445 0.0109375
10 0.13055555555555556 0.2078125 0.011111111111111112 0.0171875
10 0.14166666666666666 0.2046875 0.005555555555555556 0.0109375
5 0.175 0.203125 0.016666666666666666 0.0078125
5 0.22777777777777777 0.2046875 0.019444444444444445 0.0078125