19 0.11944444444444445 0.54375 0.08888888888888889 0.04375
19 0.20833333333333334 0.540625 0.07222222222222222 0.0359375
17 0.2611111111111111 0.5390625 0.041666666666666664 0.025
10 0.475 0.5359375 0.022222222222222223 0.021875
5 0.36666666666666664 0.5328125 0.03611111111111111 0.0109375
5 0.5944444444444444 0.5390625 0.05 0.0203125
5 0.525 0.5359375 0.044444444444444446 0.015625
5 0.5583333333333333 0.5359375 0.022222222222222223 0.0109375
9 0.6527777777777778 0.534375 0.044444444444444446 0.028125
13 0.6888888888888889 0.5421875 0.03333333333333333 0.0421875
13 0.725 0.5421875 0.03888888888888889 0.04375
5 0.3277777777777778 0.5359375 0.03611111111111111 0.0140625