15 0.5015625 0.8833333333333333 0.125 0.20277777777777778
4 0.1515625 0.7055555555555556 0.3015625 0.31666666666666665
4 0.4640625 0.49444444444444446 0.140625 0.15
13 0.9015625 0.6611111111111111 0.053125 0.13333333333333333
13 0.90625 0.5222222222222223 0.034375 0.07777777777777778
17 0.5875 0.5277777777777778 0.034375 0.08055555555555556
9 0.5671875 0.4 0.0265625 0.04722222222222222
10 0.603125 0.44166666666666665 0.0125 0.044444444444444446
7 0.7953125 0.3972222222222222 0.0296875 0.058333333333333334
7 0.8765625 0.4444444444444444 0.028125 0.06944444444444445
13 0.975 0.5388888888888889 0.0296875 0.07222222222222222
13 0.9828125 0.575 0.0328125 0.08055555555555556
13 0.7921875 0.48055555555555557 0.0234375 0.06666666666666667
13 0.74375 0.42777777777777776 0.01875 0.05
4 0.35625 0.5055555555555555 0.1625 0.1527777777777778
4 0.4421875 0.41944444444444445 0.078125 0.05555555555555555
4 0.4578125 0.3972222222222222 0.0765625 0.06388888888888888