13 0.9296875 0.49444444444444446 0.065625 0.16666666666666666
13 0.76875 0.46944444444444444 0.03125 0.06388888888888888
13 0.8765625 0.46944444444444444 0.025 0.06388888888888888
13 0.846875 0.4666666666666667 0.0234375 0.05555555555555555
13 0.965625 0.4722222222222222 0.0265625 0.10277777777777777
17 0.715625 0.49722222222222223 0.075 0.13055555555555556
17 0.1171875 0.4722222222222222 0.0484375 0.05555555555555555
17 0.1953125 0.46944444444444444 0.0484375 0.05277777777777778
17 0.296875 0.4722222222222222 0.046875 0.05555555555555555
17 0.3640625 0.46944444444444444 0.034375 0.05555555555555555
18 0.5421875 0.4583333333333333 0.2328125 0.24166666666666667
10 0.1578125 0.5361111111111111 0.03125 0.08888888888888889