17 0.6703125 0.6777777777777778 0.2875 0.55
17 0.5703125 0.3611111111111111 0.0609375 0.08611111111111111
5 0.3703125 0.5583333333333333 0.359375 0.30833333333333335
5 0.08203125 0.5472222222222223 0.1640625 0.2833333333333333
5 0.2 0.4388888888888889 0.25 0.14166666666666666
5 0.921875 0.4527777777777778 0.1390625 0.15555555555555556
11 0.615625 0.3416666666666667 0.0875 0.1
10 0.4015625 0.3527777777777778 0.025 0.04722222222222222
10 0.4203125 0.35 0.0171875 0.05
5 0.2546875 0.3472222222222222 0.096875 0.06111111111111111
10 0.484375 0.3472222222222222 0.021875 0.04722222222222222
5 0.853125 0.38333333333333336 0.0625 0.06944444444444445
5 0.9875 0.41388888888888886 0.021875 0.08888888888888889
5 0.971875 0.36666666666666664 0.0515625 0.06666666666666667