13 0.19375 0.8555555555555555 0.209375 0.2833333333333333
13 0.3578125 0.23333333333333334 0.08125 0.1638888888888889
4 0.86875 0.18611111111111112 0.1296875 0.175
4 0.5984375 0.325 0.2765625 0.28055555555555556
13 0.515625 0.6888888888888889 0.140625 0.2722222222222222
13 0.36875 0.6805555555555556 0.1609375 0.3388888888888889
4 0.871875 0.06666666666666667 0.0671875 0.06944444444444445
4 0.4078125 0.16944444444444445 0.190625 0.20277777777777778
13 0.0796875 0.3138888888888889 0.09375 0.16666666666666666
20 0.2546875 0.21944444444444444 0.0765625 0.15
13 0.63125 0.5111111111111111 0.103125 0.21944444444444444
17 0.8828125 0.4222222222222222 0.1421875 0.09444444444444444
13 0.7203125 0.4583333333333333 0.078125 0.19166666666666668
13 0.778125 0.41944444444444445 0.034375 0.18333333333333332
13 0.9015625 0.6083333333333333 0.078125 0.2611111111111111
13 0.8171875 0.7194444444444444 0.096875 0.2
13 0.58125 0.8916666666666667 0.1234375 0.2111111111111111
13 0.425 0.9083333333333333 0.203125 0.175
13 0.671875 0.7166666666666667 0.1875 0.175
13 0.4734375 0.5194444444444445 0.090625 0.17777777777777778
13 0.346875 0.5972222222222222 0.146875 0.2916666666666667
13 0.128125 0.24444444444444444 0.065625 0.14166666666666666
13 0.8171875 0.08333333333333333 0.021875 0.044444444444444446
13 0.984375 0.23333333333333334 0.028125 0.05555555555555555
13 0.95625 0.21944444444444444 0.0296875 0.05555555555555555
4 0.9390625 0.13333333333333333 0.11875 0.13055555555555556
13 0.5375 0.5166666666666667 0.1203125 0.11666666666666667
13 0.7953125 0.38055555555555554 0.0546875 0.1638888888888889
13 0.9671875 0.4777777777777778 0.05 0.09722222222222222