17 0.4140625 0.4388888888888889 0.0359375 0.06388888888888888
17 0.50625 0.41388888888888886 0.053125 0.05277777777777778
17 0.5984375 0.4 0.05 0.05277777777777778
13 0.16875 0.4722222222222222 0.03125 0.05
17 0.0890625 0.4722222222222222 0.0328125 0.030555555555555555
17 0.671875 0.3888888888888889 0.0453125 0.05555555555555555
13 0.8484375 0.5944444444444444 0.2921875 0.8083333333333333
17 0.4453125 0.425 0.028125 0.05
10 0.3671875 0.45555555555555555 0.0421875 0.030555555555555555
10 0.2515625 0.4583333333333333 0.0171875 0.025
17 0.2078125 0.4527777777777778 0.0203125 0.027777777777777776
13 0.040625 0.48333333333333334 0.0375 0.05277777777777778
13 0.1265625 0.4666666666666667 0.01875 0.041666666666666664