20 0.2828125 0.6305555555555555 0.2921875 0.19166666666666668
10 0.8125 0.65 0.153125 0.28055555555555556
10 0.6359375 0.48055555555555557 0.0390625 0.10833333333333334
10 0.5078125 0.5277777777777778 0.0765625 0.1
10 0.68125 0.44722222222222224 0.0390625 0.03611111111111111
17 0.5796875 0.4305555555555556 0.034375 0.03611111111111111
13 0.8625 0.4305555555555556 0.0390625 0.07222222222222222
17 0.625 0.4305555555555556 0.0328125 0.041666666666666664
15 0.509375 0.44166666666666665 0.0765625 0.041666666666666664
13 0.98125 0.44166666666666665 0.034375 0.10277777777777777
17 0.9453125 0.41944444444444445 0.0375 0.058333333333333334