17 0.8 0.7453125 0.3958333333333333 0.50625
17 0.49166666666666664 0.51875 0.13541666666666666 0.0984375
17 0.34791666666666665 0.5171875 0.12916666666666668 0.10625
10 0.12916666666666668 0.53125 0.0625 0.053125
17 0.09791666666666667 0.4875 0.03958333333333333 0.0609375
15 0.23541666666666666 0.471875 0.04375 0.025
5 0.175 0.4859375 0.052083333333333336 0.0359375
3 0.05625 0.478125 0.014583333333333334 0.0203125
17 0.07708333333333334 0.46875 0.016666666666666666 0.021875
17 0.2 0.46875 0.01875 0.01875
4 0.30833333333333335 0.4578125 0.04583333333333333 0.0171875
4 0.35 0.4609375 0.0375 0.0125