4 0.409375 0.6929347826086957 0.3328125 0.5217391304347826
4 0.1390625 0.5217391304347826 0.2609375 0.42391304347826086
4 0.54375 0.45108695652173914 0.184375 0.6684782608695652
4 0.7359375 0.38315217391304346 0.1703125 0.44021739130434784
4 0.3703125 0.3179347826086957 0.1625 0.25815217391304346
4 0.259375 0.17391304347826086 0.3515625 0.1793478260869565
17 0.9625 0.7119565217391305 0.06875 0.10326086956521739
17 0.96875 0.875 0.05625 0.23097826086956522
10 0.8 0.05434782608695652 0.021875 0.07065217391304347
13 0.8484375 0.051630434782608696 0.028125 0.07065217391304347
13 0.871875 0.04619565217391304 0.0265625 0.07336956521739131