5 0.3765625 0.4583333333333333 0.19375 0.225
5 0.2171875 0.38333333333333336 0.09375 0.13333333333333333
15 0.76875 0.6722222222222223 0.453125 0.6333333333333333
15 0.70625 0.32222222222222224 0.1125 0.09166666666666666
5 0.803125 0.3527777777777778 0.096875 0.08055555555555556
5 0.8875 0.35555555555555557 0.08125 0.09722222222222222
5 0.9640625 0.3638888888888889 0.0703125 0.10555555555555556
5 0.53125 0.44166666666666665 0.0765625 0.18055555555555555
5 0.4109375 0.38055555555555554 0.1265625 0.13055555555555556
5 0.296875 0.34444444444444444 0.0640625 0.07777777777777778
17 0.3015625 0.29444444444444445 0.034375 0.03333333333333333
5 0.0875 0.3333333333333333 0.059375 0.08888888888888889
5 0.265625 0.3111111111111111 0.03125 0.05555555555555555
5 0.328125 0.30833333333333335 0.0328125 0.05555555555555555
10 0.5734375 0.34444444444444444 0.025 0.044444444444444446
10 0.6 0.33611111111111114 0.0296875 0.030555555555555555