9 0.9194444444444444 0.5328125 0.11944444444444445 0.0703125
5 0.7805555555555556 0.534375 0.05555555555555555 0.034375
15 0.7055555555555556 0.534375 0.09444444444444444 0.0484375
5 0.5527777777777778 0.5734375 0.20555555555555555 0.06875
17 0.4527777777777778 0.5265625 0.04722222222222222 0.0328125
5 0.15555555555555556 0.540625 0.15555555555555556 0.05625
17 0.3138888888888889 0.528125 0.030555555555555555 0.025
5 0.3861111111111111 0.534375 0.08055555555555556 0.0390625
17 0.025 0.55625 0.05 0.1328125
17 0.2388888888888889 0.5296875 0.027777777777777776 0.025
18 0.6027777777777777 0.5015625 0.10277777777777777 0.0390625