5 0.5666666666666667 0.65625 0.38958333333333334 0.1375
17 0.40208333333333335 0.5484375 0.06875 0.0671875
15 0.7854166666666667 0.571875 0.23541666666666666 0.0828125
5 0.33541666666666664 0.5328125 0.06458333333333334 0.0375
10 0.28958333333333336 0.5796875 0.05625 0.0515625
17 0.19375 0.53125 0.05625 0.05
5 0.23541666666666666 0.5265625 0.03125 0.0328125
3 0.12291666666666666 0.528125 0.01875 0.021875
13 0.11458333333333333 0.5109375 0.016666666666666666 0.0203125
5 0.16041666666666668 0.5140625 0.022916666666666665 0.0171875
10 0.14166666666666666 0.51875 0.014583333333333334 0.0109375
4 0.3333333333333333 0.5046875 0.03333333333333333 0.0140625
15 0.275 0.509375 0.0125 0.009375
11 0.15833333333333333 0.5015625 0.01875 0.009375