13 0.36682242990654207 0.88125 0.2102803738317757 0.215625
13 0.7406542056074766 0.7765625 0.1705607476635514 0.20625
13 0.9322429906542056 0.890625 0.12383177570093458 0.215625
13 0.4976635514018692 0.703125 0.14719626168224298 0.1546875
13 0.6425233644859814 0.5734375 0.10514018691588785 0.125
13 0.36682242990654207 0.65 0.12149532710280374 0.13125
13 0.32710280373831774 0.7578125 0.1378504672897196 0.14375
13 0.4742990654205608 0.4734375 0.0794392523364486 0.0921875
13 0.3878504672897196 0.478125 0.08644859813084112 0.0875
13 0.4322429906542056 0.565625 0.10046728971962617 0.1046875
13 0.5350467289719626 0.58125 0.10046728971962617 0.109375
13 0.5397196261682243 0.4734375 0.06775700934579439 0.0875
13 0.9345794392523364 0.5703125 0.0911214953271028 0.053125
13 0.9042056074766355 0.775 0.13551401869158877 0.159375