17 0.1734375 0.6333333333333333 0.2046875 0.325
17 0.2578125 0.49722222222222223 0.103125 0.18611111111111112
17 0.0890625 0.6 0.178125 0.2972222222222222
13 0.528125 0.37222222222222223 0.0234375 0.058333333333333334
17 0.4796875 0.38055555555555554 0.0265625 0.058333333333333334
4 0.4203125 0.375 0.075 0.12222222222222222
4 0.5484375 0.3138888888888889 0.040625 0.09166666666666666
11 0.703125 0.375 0.0421875 0.06111111111111111
4 0.678125 0.33055555555555555 0.0375 0.1
7 0.76875 0.3138888888888889 0.0296875 0.05277777777777778
13 0.8453125 0.46111111111111114 0.03125 0.08055555555555556
13 0.8875 0.43333333333333335 0.03125 0.075
13 0.9484375 0.45555555555555555 0.034375 0.08333333333333333
13 0.85 0.4 0.021875 0.058333333333333334
7 0.85 0.3472222222222222 0.028125 0.044444444444444446
4 0.45 0.30277777777777776 0.046875 0.06944444444444445