13 0.7138888888888889 0.5078125 0.058333333333333334 0.053125
13 0.6611111111111111 0.5046875 0.03888888888888889 0.0359375
13 0.6166666666666667 0.503125 0.03611111111111111 0.0328125
5 0.5333333333333333 0.50625 0.05555555555555555 0.0265625
5 0.5777777777777777 0.5015625 0.03888888888888889 0.028125
5 0.475 0.5015625 0.041666666666666664 0.01875
10 0.36666666666666664 0.503125 0.019444444444444445 0.0265625
5 0.3416666666666667 0.5015625 0.030555555555555555 0.01875
19 0.20555555555555555 0.5046875 0.08333333333333333 0.0421875
19 0.08055555555555556 0.5046875 0.10277777777777777 0.05625
10 0.1388888888888889 0.50625 0.025 0.03125
17 0.25833333333333336 0.503125 0.022222222222222223 0.0328125