10 0.5833333333333334 0.3484375 0.06944444444444445 0.08125
9 0.7 0.328125 0.16111111111111112 0.0609375
5 0.475 0.325 0.1 0.0375
10 0.28055555555555556 0.328125 0.04722222222222222 0.059375
13 0.19166666666666668 0.328125 0.06666666666666667 0.078125
19 0.24166666666666667 0.309375 0.03333333333333333 0.04375
15 0.13333333333333333 0.29375 0.025 0.0078125
10 0.06666666666666667 0.296875 0.011111111111111112 0.0125
10 0.08055555555555556 0.2953125 0.011111111111111112 0.0140625
5 0.09166666666666666 0.29375 0.008333333333333333 0.0078125
4 0.13333333333333333 0.2859375 0.019444444444444445 0.0078125
13 0.016666666666666666 0.2890625 0.013888888888888888 0.0078125