15 0.65 0.6916666666666667 0.175 0.16666666666666666
15 0.4703125 0.6638888888888889 0.1 0.12222222222222222
5 0.5328125 0.6583333333333333 0.0265625 0.06388888888888888
10 0.7640625 0.6888888888888889 0.0515625 0.125
10 0.2859375 0.6777777777777778 0.071875 0.06666666666666667
3 0.134375 0.7361111111111112 0.09375 0.08333333333333333
13 0.009375 0.6694444444444444 0.01875 0.04722222222222222
13 0.0328125 0.6611111111111111 0.0109375 0.041666666666666664
17 0.05 0.6555555555555556 0.0203125 0.022222222222222223
10 0.1703125 0.6472222222222223 0.0046875 0.019444444444444445
17 0.1625 0.6444444444444445 0.003125 0.013888888888888888
5 0.91875 0.675 0.1578125 0.1638888888888889