5 0.8916666666666667 0.528125 0.2111111111111111 0.1765625
9 0.7277777777777777 0.471875 0.1111111111111111 0.065625
5 0.5972222222222222 0.484375 0.1111111111111111 0.0578125
5 0.2222222222222222 0.4828125 0.1388888888888889 0.0609375
17 0.02361111111111111 0.48125 0.04722222222222222 0.071875
13 0.1 0.46875 0.04722222222222222 0.040625
5 0.375 0.465625 0.03333333333333333 0.0171875
17 0.30833333333333335 0.465625 0.019444444444444445 0.025
17 0.28888888888888886 0.4671875 0.03333333333333333 0.0265625
5 0.46111111111111114 0.4671875 0.05 0.025
18 0.5222222222222223 0.4390625 0.08333333333333333 0.0265625
15 0.5222222222222223 0.471875 0.03611111111111111 0.0421875