5 0.671875 0.4583333333333333 0.15625 0.17777777777777778
5 0.3375 0.4583333333333333 0.240625 0.14166666666666666
17 0.79375 0.4166666666666667 0.0734375 0.1527777777777778
20 0.8859375 0.42777777777777776 0.0421875 0.14722222222222223
4 0.96875 0.33055555555555555 0.0609375 0.07777777777777778
5 0.9640625 0.38055555555555554 0.06875 0.04722222222222222
5 0.7046875 0.3416666666666667 0.0578125 0.044444444444444446
17 0.44375 0.34444444444444444 0.0453125 0.08333333333333333
9 0.3796875 0.33611111111111114 0.096875 0.10555555555555556
5 0.2390625 0.3527777777777778 0.1359375 0.10555555555555556
17 0.575 0.3416666666666667 0.0515625 0.058333333333333334
5 0.240625 0.7472222222222222 0.459375 0.5
6 0.846875 0.41388888888888886 0.034375 0.14166666666666666