10 0.7194444444444444 0.328125 0.11388888888888889 0.06875
9 0.6194444444444445 0.2796875 0.08333333333333333 0.0546875
10 0.48333333333333334 0.30625 0.06944444444444445 0.053125
5 0.41944444444444445 0.2765625 0.06944444444444445 0.034375
15 0.38333333333333336 0.2609375 0.027777777777777776 0.0125
13 0.2361111111111111 0.2953125 0.08055555555555556 0.09375
15 0.1361111111111111 0.25625 0.025 0.0125
4 0.14722222222222223 0.2484375 0.019444444444444445 0.0078125
18 0.16944444444444445 0.253125 0.016666666666666666 0.0140625
10 0.08333333333333333 0.2578125 0.011111111111111112 0.0125
10 0.09722222222222222 0.25625 0.008333333333333333 0.0109375