13 0.396875 0.7194444444444444 0.33125 0.5166666666666667
13 0.11953125 0.6097222222222223 0.2390625 0.3527777777777778
4 0.15234375 0.22083333333333333 0.3046875 0.44166666666666665
8 0.6328125 0.3472222222222222 0.2046875 0.13055555555555556
11 0.6203125 0.4388888888888889 0.040625 0.11388888888888889
13 0.678125 0.5861111111111111 0.1171875 0.37222222222222223
13 0.7484375 0.5 0.08125 0.23333333333333334
11 0.83125 0.3972222222222222 0.06875 0.18888888888888888
4 0.90625 0.39444444444444443 0.0890625 0.17777777777777778
11 0.971875 0.41944444444444445 0.05 0.08888888888888889
19 0.9765625 0.48333333333333334 0.0453125 0.08611111111111111
19 0.384375 0.46111111111111114 0.1078125 0.23333333333333334