13 0.940625 0.5 0.090625 0.2638888888888889
5 0.725 0.4527777777777778 0.1046875 0.05555555555555555
5 0.525 0.49722222222222223 0.0578125 0.08888888888888889
5 0.4875 0.475 0.0359375 0.06388888888888888
13 0.56875 0.45555555555555555 0.0421875 0.06666666666666667
14 0.6 0.4583333333333333 0.01875 0.03888888888888889
17 0.659375 0.4388888888888889 0.0265625 0.05277777777777778
17 0.7875 0.42777777777777776 0.0453125 0.04722222222222222
17 0.8484375 0.42777777777777776 0.053125 0.058333333333333334
17 0.45 0.46111111111111114 0.03125 0.05
17 0.36875 0.4583333333333333 0.034375 0.03888888888888889
17 0.3359375 0.45555555555555555 0.028125 0.027777777777777776
5 0.21640625 0.6708333333333333 0.4328125 0.38055555555555554