7 0.8546875 0.5027777777777778 0.1234375 0.17777777777777778
13 0.659375 0.4888888888888889 0.0234375 0.04722222222222222
13 0.6765625 0.4861111111111111 0.021875 0.04722222222222222
17 0.5984375 0.5055555555555555 0.05625 0.06944444444444445
4 0.5265625 0.49166666666666664 0.05 0.11388888888888889
5 0.45625 0.525 0.06875 0.06111111111111111
5 0.24375 0.5388888888888889 0.0921875 0.05555555555555555
17 0.271875 0.5166666666666667 0.0296875 0.030555555555555555
13 0.075 0.5916666666666667 0.059375 0.15
13 0.0203125 0.6055555555555555 0.040625 0.18888888888888888
17 0.034375 0.5388888888888889 0.0171875 0.041666666666666664
5 0.13125 0.55 0.034375 0.03888888888888889
17 0.134375 0.525 0.028125 0.027777777777777776
10 0.1609375 0.5361111111111111 0.0171875 0.025
13 0.9921875 0.4722222222222222 0.0140625 0.04722222222222222
17 0.6390625 0.5 0.015625 0.058333333333333334