15 0.3875 0.5 0.271875 0.4305555555555556
4 0.4703125 0.2916666666666667 0.296875 0.38333333333333336
4 0.2140625 0.21388888888888888 0.1140625 0.16666666666666666
17 0.2359375 0.33611111111111114 0.0421875 0.175
13 0.7046875 0.3472222222222222 0.075 0.24722222222222223
13 0.9015625 0.39166666666666666 0.11875 0.28055555555555556
5 0.046875 0.28888888888888886 0.0828125 0.10277777777777777
4 0.290625 0.21388888888888888 0.053125 0.125
13 0.8015625 0.24722222222222223 0.059375 0.07222222222222222
13 0.9625 0.34444444444444444 0.0625 0.17222222222222222
13 0.6296875 0.2916666666666667 0.0359375 0.125
13 0.746875 0.23055555555555557 0.025 0.05
13 0.6546875 0.225 0.021875 0.03888888888888889
13 0.9765625 0.24166666666666667 0.0359375 0.04722222222222222