10 0.915625 0.5666666666666667 0.028125 0.09722222222222222
10 0.878125 0.5805555555555556 0.0328125 0.10555555555555556
10 0.8234375 0.5888888888888889 0.0234375 0.10555555555555556
17 0.9390625 0.5555555555555556 0.021875 0.07222222222222222
13 0.80625 0.5722222222222222 0.0125 0.044444444444444446
9 0.6796875 0.6055555555555555 0.0484375 0.06111111111111111
13 0.625 0.6194444444444445 0.03125 0.075
3 0.5625 0.6916666666666667 0.03125 0.07777777777777778
13 0.5296875 0.6416666666666667 0.0296875 0.07777777777777778
13 0.7828125 0.5777777777777777 0.01875 0.044444444444444446
9 0.840625 0.5583333333333333 0.0203125 0.025
13 0.4359375 0.6722222222222223 0.040625 0.10277777777777777
13 0.3296875 0.7194444444444444 0.0875 0.18055555555555555
3 0.59375 0.6527777777777778 0.0203125 0.044444444444444446