9 0.915625 0.4111111111111111 0.1203125 0.14166666666666666
5 0.7828125 0.4083333333333333 0.034375 0.04722222222222222
13 0.8078125 0.39444444444444443 0.0140625 0.05277777777777778
13 0.8484375 0.3972222222222222 0.021875 0.06666666666666667
10 0.7 0.4166666666666667 0.021875 0.07777777777777778
13 0.46875 0.4222222222222222 0.025 0.041666666666666664
13 0.484375 0.4166666666666667 0.0203125 0.03888888888888889
5 0.43125 0.4388888888888889 0.03125 0.05277777777777778
5 0.2921875 0.45555555555555555 0.0703125 0.06111111111111111
4 0.3765625 0.41944444444444445 0.0515625 0.11388888888888889
13 0.1296875 0.4527777777777778 0.0234375 0.041666666666666664
5 0.090625 0.4861111111111111 0.1046875 0.058333333333333334
10 0.01953125 0.5 0.0390625 0.05555555555555555