5 0.621875 0.7722222222222223 0.128125 0.25
4 0.8359375 0.6083333333333333 0.325 0.5833333333333334
4 0.4953125 0.425 0.175 0.17777777777777778
15 0.5546875 0.575 0.121875 0.1638888888888889
17 0.609375 0.5277777777777778 0.0859375 0.12777777777777777
10 0.1828125 0.475 0.0328125 0.09166666666666666
10 0.1015625 0.8472222222222222 0.1390625 0.17222222222222222
10 0.0609375 0.9333333333333333 0.121875 0.12777777777777777
13 0.0296875 0.4638888888888889 0.0265625 0.09444444444444444
13 0.0234375 0.6527777777777778 0.046875 0.11944444444444445
5 0.3375 0.4527777777777778 0.090625 0.09166666666666666
13 0.653125 0.5166666666666667 0.0625 0.12777777777777777