5 0.40625 0.6666666666666666 0.1203125 0.11944444444444445
9 0.7203125 0.5222222222222223 0.0265625 0.03888888888888889
13 0.6328125 0.5555555555555556 0.021875 0.05277777777777778
3 0.6578125 0.5666666666666667 0.01875 0.08333333333333333
13 0.675 0.5444444444444444 0.0140625 0.05277777777777778
10 0.4953125 0.6277777777777778 0.021875 0.044444444444444446
13 0.778125 0.5027777777777778 0.009375 0.03333333333333333
13 0.7890625 0.5 0.0109375 0.03611111111111111
10 0.8296875 0.5472222222222223 0.03125 0.1111111111111111
10 0.80625 0.5472222222222223 0.0125 0.06111111111111111
17 0.8546875 0.48055555555555557 0.0203125 0.041666666666666664
13 0.7 0.5277777777777778 0.0125 0.03888888888888889
13 0.7671875 0.5055555555555555 0.0125 0.03611111111111111