5 0.6 0.6333333333333333 0.1625 0.20555555555555555
4 0.4265625 0.5472222222222223 0.33125 0.35833333333333334
17 0.178125 0.6111111111111112 0.159375 0.23055555555555557
4 0.6328125 0.29444444444444445 0.128125 0.14166666666666666
13 0.4671875 0.8333333333333334 0.1484375 0.32222222222222224
13 0.671875 0.4722222222222222 0.08125 0.15
17 0.7703125 0.4 0.065625 0.10833333333333334
13 0.7515625 0.5861111111111111 0.096875 0.20833333333333334
11 0.6921875 0.36666666666666664 0.1 0.1111111111111111
8 0.9125 0.2972222222222222 0.0765625 0.09444444444444444
8 0.9703125 0.3 0.0578125 0.08888888888888889
13 0.278125 0.8888888888888888 0.1359375 0.21944444444444444
13 0.5609375 0.9222222222222223 0.140625 0.15
13 0.615625 0.8722222222222222 0.1515625 0.25277777777777777
13 0.6875 0.8638888888888889 0.153125 0.26944444444444443
13 0.7203125 0.8222222222222222 0.14375 0.31666666666666665
13 0.8140625 0.6944444444444444 0.1 0.16944444444444445
13 0.9609375 0.5861111111111111 0.0609375 0.11666666666666667
13 0.896875 0.6305555555555555 0.115625 0.09722222222222222
13 0.8734375 0.6722222222222223 0.1171875 0.09444444444444444
13 0.859375 0.43333333333333335 0.04375 0.13055555555555556
13 0.8359375 0.3972222222222222 0.04375 0.10277777777777777
13 0.978125 0.4222222222222222 0.0421875 0.12777777777777777
4 0.09609375 0.3680555555555556 0.1921875 0.1361111111111111
13 0.3203125 0.36666666666666664 0.0390625 0.10277777777777777
13 0.534375 0.29444444444444445 0.0296875 0.07222222222222222
13 0.3640625 0.33611111111111114 0.0296875 0.06944444444444445