3 0.4078125 0.8138888888888889 0.209375 0.30833333333333335
17 0.434375 0.5972222222222222 0.1875 0.26944444444444443
3 0.6421875 0.5944444444444444 0.1 0.2638888888888889
3 0.7359375 0.5888888888888889 0.071875 0.2777777777777778
17 0.6484375 0.49722222222222223 0.0734375 0.1111111111111111
9 0.565625 0.475 0.090625 0.14722222222222223
9 0.2390625 0.575 0.3234375 0.3138888888888889
11 0.3859375 0.4388888888888889 0.1765625 0.11944444444444445
5 0.971875 0.48055555555555557 0.0515625 0.075
17 0.8265625 0.48333333333333334 0.053125 0.08888888888888889
10 0.0390625 0.49444444444444446 0.0765625 0.10555555555555556
3 0.121875 0.4666666666666667 0.05 0.05555555555555555
10 0.2046875 0.4666666666666667 0.0515625 0.08055555555555556
3 0.065625 0.7777777777777778 0.1265625 0.4027777777777778
3 0.7828125 0.5361111111111111 0.0421875 0.15833333333333333