17 0.3140625 0.6527777777777778 0.2375 0.5583333333333333
5 0.5296875 0.5583333333333333 0.2125 0.35833333333333334
5 0.66875 0.5361111111111111 0.30625 0.31666666666666665
11 0.840625 0.7611111111111111 0.3171875 0.44722222222222224
5 0.1578125 0.42777777777777776 0.1359375 0.2
13 0.5875 0.35 0.071875 0.08611111111111111
13 0.81875 0.44722222222222224 0.1421875 0.21388888888888888
17 0.4640625 0.35555555555555557 0.0953125 0.10555555555555556
17 0.365625 0.3388888888888889 0.06875 0.10555555555555556
13 0.428125 0.33055555555555555 0.034375 0.075
13 0.2578125 0.30277777777777776 0.025 0.04722222222222222
13 0.2984375 0.3 0.03125 0.04722222222222222
5 0.2234375 0.35555555555555557 0.0765625 0.09444444444444444
17 0.3703125 0.34444444444444444 0.0484375 0.09722222222222222
13 0.215625 0.2972222222222222 0.0203125 0.04722222222222222
13 0.28125 0.3 0.01875 0.041666666666666664
5 0.16875 0.3194444444444444 0.0515625 0.05555555555555555
17 0.1765625 0.2916666666666667 0.034375 0.03333333333333333
11 0.4125 0.33055555555555555 0.05 0.09166666666666666
5 0.1265625 0.2916666666666667 0.03125 0.027777777777777776
5 0.1140625 0.34444444444444444 0.0625 0.08333333333333333
4 0.1453125 0.2611111111111111 0.028125 0.05
11 0.1109375 0.25 0.0421875 0.075
4 0.0765625 0.25555555555555554 0.03125 0.04722222222222222