10 0.7703125 0.6805555555555556 0.1953125 0.34444444444444444
13 0.8671875 0.41388888888888886 0.075 0.18333333333333332
3 0.1234375 0.8222222222222222 0.246875 0.35
17 0.4890625 0.42777777777777776 0.0453125 0.08333333333333333
17 0.6515625 0.40555555555555556 0.040625 0.08055555555555556
17 0.6125 0.4 0.0359375 0.05555555555555555
17 0.6953125 0.39166666666666666 0.0453125 0.058333333333333334
13 0.765625 0.37222222222222223 0.0203125 0.04722222222222222
11 0.3359375 0.4583333333333333 0.0578125 0.1
9 0.275 0.4527777777777778 0.0453125 0.08333333333333333
13 0.2296875 0.4444444444444444 0.040625 0.06111111111111111
17 0.1421875 0.44166666666666665 0.034375 0.03888888888888889