13 0.5046875 0.7111111111111111 0.3125 0.55
13 0.17578125 0.6847222222222222 0.3515625 0.625
17 0.3953125 0.4888888888888889 0.16875 0.2833333333333333
11 0.5421875 0.4083333333333333 0.1953125 0.18611111111111112
8 0.6296875 0.29444444444444445 0.221875 0.10555555555555556
15 0.725 0.425 0.125 0.18333333333333332
11 0.8359375 0.3611111111111111 0.0984375 0.22777777777777777
4 0.9125 0.3416666666666667 0.0625 0.16944444444444445
11 0.9796875 0.36666666666666664 0.0359375 0.09166666666666666
19 0.9796875 0.4444444444444444 0.0375 0.075
4 0.7484375 0.30833333333333335 0.034375 0.08333333333333333
5 0.0609375 0.37222222222222223 0.0375 0.09444444444444444