10 0.5078125 0.8194444444444444 0.2828125 0.35555555555555557
4 0.840625 0.5 0.3125 0.9972222222222222
13 0.6453125 0.45555555555555555 0.1140625 0.325
13 0.4578125 0.3638888888888889 0.090625 0.2111111111111111
9 0.1796875 0.5194444444444445 0.309375 0.5138888888888888
4 0.0515625 0.23055555555555557 0.0625 0.058333333333333334
13 0.3328125 0.3138888888888889 0.065625 0.09444444444444444
11 0.0421875 0.33611111111111114 0.065625 0.17777777777777778
11 0.33125 0.3 0.084375 0.08611111111111111
10 0.259375 0.3055555555555556 0.021875 0.075
15 0.3453125 0.4861111111111111 0.1359375 0.29444444444444445
5 0.2390625 0.35833333333333334 0.10625 0.11666666666666667
13 0.215625 0.28055555555555556 0.0375 0.05555555555555555