5 0.3875 0.6055555555555555 0.4890625 0.4361111111111111
5 0.3609375 0.4583333333333333 0.3609375 0.24166666666666667
5 0.12890625 0.4513888888888889 0.2578125 0.2638888888888889
5 0.2390625 0.325 0.1859375 0.09722222222222222
17 0.3734375 0.3277777777777778 0.13125 0.1
5 0.8015625 0.6166666666666667 0.3625 0.475
5 0.625 0.38333333333333336 0.1828125 0.15833333333333333
9 0.9390625 0.4027777777777778 0.11875 0.25277777777777777
5 0.4796875 0.31666666666666665 0.10625 0.08888888888888889
5 0.7390625 0.41944444444444445 0.2234375 0.18611111111111112
9 0.684375 0.28888888888888886 0.1265625 0.06944444444444445
9 0.7734375 0.2611111111111111 0.0515625 0.044444444444444446