10 0.2953125 0.6722222222222223 0.0671875 0.05
3 0.20625 0.7138888888888889 0.0890625 0.08888888888888889
19 0.0953125 0.6527777777777778 0.0375 0.05277777777777778
17 0.059375 0.6638888888888889 0.025 0.05
13 0.0234375 0.6611111111111111 0.0203125 0.05
5 0.31875 0.6388888888888888 0.0140625 0.013888888888888888
15 0.4609375 0.6527777777777778 0.096875 0.11666666666666667
15 0.603125 0.6805555555555556 0.1484375 0.1527777777777778
10 0.703125 0.6666666666666666 0.0578125 0.14722222222222223
5 0.5203125 0.65 0.0234375 0.06111111111111111
5 0.8796875 0.6777777777777778 0.2375 0.175
13 0.04375 0.6583333333333333 0.0078125 0.041666666666666664