10 0.10625 0.7583333333333333 0.2109375 0.4777777777777778
10 0.575 0.5361111111111111 0.0484375 0.07777777777777778
10 0.728125 0.4888888888888889 0.0421875 0.075
17 0.9046875 0.38333333333333336 0.05625 0.06111111111111111
17 0.790625 0.43333333333333335 0.0484375 0.08055555555555556
17 0.8265625 0.3972222222222222 0.04375 0.05555555555555555
17 0.671875 0.4444444444444444 0.05 0.058333333333333334
10 0.6015625 0.4777777777777778 0.034375 0.03333333333333333
17 0.4828125 0.4777777777777778 0.0328125 0.03888888888888889
17 0.45 0.4888888888888889 0.025 0.027777777777777776
13 0.43125 0.49166666666666664 0.015625 0.03888888888888889
17 0.409375 0.49722222222222223 0.0171875 0.03611111111111111
13 0.5515625 0.475 0.0171875 0.05277777777777778