9 0.8046875 0.5305555555555556 0.3890625 0.5722222222222222
17 0.69375 0.42777777777777776 0.059375 0.06388888888888888
17 0.7265625 0.4111111111111111 0.0296875 0.04722222222222222
10 0.634375 0.4527777777777778 0.0421875 0.03333333333333333
17 0.553125 0.4444444444444444 0.0390625 0.03888888888888889
17 0.41875 0.46944444444444444 0.0328125 0.03888888888888889
17 0.3890625 0.4722222222222222 0.0203125 0.03611111111111111
11 0.3375 0.475 0.0875 0.05
17 0.496875 0.46111111111111114 0.0421875 0.04722222222222222
10 0.5015625 0.5222222222222223 0.0390625 0.07222222222222222
10 0.240625 0.5777777777777777 0.0921875 0.15555555555555556