9 0.3109375 0.5888888888888889 0.615625 0.7416666666666667
5 0.6421875 0.3527777777777778 0.428125 0.28055555555555556
5 0.934375 0.4388888888888889 0.128125 0.3472222222222222
5 0.321875 0.25555555555555554 0.2625 0.15
15 0.1328125 0.18333333333333332 0.13125 0.10555555555555556
5 0.3765625 0.175 0.0703125 0.08055555555555556
17 0.5953125 0.17777777777777778 0.14375 0.058333333333333334
9 0.7828125 0.12777777777777777 0.1375 0.11388888888888889
5 0.4875 0.16111111111111112 0.090625 0.09444444444444444
5 0.7109375 0.19444444444444445 0.146875 0.11388888888888889
5 0.6328125 0.12777777777777777 0.0859375 0.044444444444444446
5 0.5859375 0.13333333333333333 0.0765625 0.05
17 0.965625 0.2111111111111111 0.0640625 0.18055555555555555