5 0.3296875 0.5333333333333333 0.234375 0.18333333333333332
5 0.228125 0.4361111111111111 0.134375 0.1
9 0.36875 0.41388888888888886 0.1078125 0.08611111111111111
17 0.4359375 0.4222222222222222 0.0515625 0.08333333333333333
17 0.559375 0.4083333333333333 0.05 0.044444444444444446
6 0.653125 0.5416666666666666 0.0796875 0.21666666666666667
20 0.7515625 0.525 0.1 0.17222222222222222
5 0.5609375 0.5027777777777778 0.1015625 0.1361111111111111
17 0.890625 0.6972222222222222 0.209375 0.45
4 0.9046875 0.41388888888888886 0.1 0.08888888888888889
5 0.846875 0.425 0.03125 0.03611111111111111
9 0.684375 0.44722222222222224 0.0953125 0.07222222222222222