10 0.934375 0.4722222222222222 0.03125 0.09166666666666666
13 0.8640625 0.4861111111111111 0.1015625 0.15
17 0.5234375 0.475 0.0453125 0.05277777777777778
17 0.596875 0.4722222222222222 0.046875 0.05277777777777778
13 0.665625 0.4583333333333333 0.025 0.041666666666666664
13 0.68125 0.4527777777777778 0.01875 0.041666666666666664
13 0.2953125 0.5138888888888888 0.040625 0.10833333333333334
4 0.39375 0.4666666666666667 0.15 0.11666666666666667
17 0.184375 0.525 0.04375 0.08888888888888889
10 0.24375 0.5138888888888888 0.0375 0.03888888888888889
17 0.215625 0.5 0.0171875 0.06111111111111111
17 0.2671875 0.4888888888888889 0.015625 0.041666666666666664
3 0.125 0.5166666666666667 0.03125 0.03333333333333333
17 0.06875 0.49722222222222223 0.0375 0.04722222222222222
10 0.046875 0.65 0.0546875 0.14444444444444443
17 0.1453125 0.49444444444444446 0.0140625 0.03888888888888889