5 0.4359375 0.6888888888888889 0.2125 0.4222222222222222
5 0.1421875 0.775 0.2375 0.4444444444444444
5 0.878125 0.7722222222222223 0.2359375 0.45
17 0.7671875 0.38333333333333336 0.1484375 0.3111111111111111
5 0.5875 0.2722222222222222 0.1484375 0.2638888888888889
5 0.415625 0.35 0.159375 0.28888888888888886
5 0.253125 0.175 0.128125 0.21666666666666667
5 0.215625 0.38055555555555554 0.16875 0.2916666666666667
11 0.8515625 0.26944444444444443 0.190625 0.3
15 0.640625 0.07222222222222222 0.1015625 0.14166666666666666
11 0.5375 0.1 0.121875 0.2
4 0.9484375 0.14166666666666666 0.1 0.2833333333333333