5 0.4390625 0.8 0.2 0.23055555555555557
5 0.6125 0.6222222222222222 0.1578125 0.19444444444444445
17 0.5609375 0.4444444444444444 0.0921875 0.15
17 0.465625 0.5472222222222223 0.096875 0.19166666666666668
17 0.3 0.5722222222222222 0.0875 0.16944444444444445
10 0.2484375 0.6861111111111111 0.06875 0.11944444444444445
13 0.3328125 0.6694444444444444 0.1 0.17777777777777778
20 0.659375 0.37777777777777777 0.090625 0.10833333333333334
17 0.8796875 0.5888888888888889 0.0859375 0.16944444444444445
13 0.8828125 0.7805555555555556 0.0796875 0.23333333333333334
5 0.90625 0.24722222222222223 0.121875 0.125
13 0.8203125 0.23055555555555557 0.0734375 0.1361111111111111
13 0.7671875 0.1638888888888889 0.0484375 0.1
13 0.7140625 0.1527777777777778 0.0421875 0.09444444444444444
11 0.9453125 0.46111111111111114 0.1078125 0.18888888888888888
10 0.3671875 0.49166666666666664 0.046875 0.09166666666666666