7 0.821875 0.5805555555555556 0.0421875 0.08055555555555556
17 0.5578125 0.6416666666666667 0.084375 0.12222222222222222
3 0.9234375 0.5944444444444444 0.0234375 0.08888888888888889
17 0.4203125 0.625 0.046875 0.05555555555555555
17 0.4734375 0.6138888888888889 0.0265625 0.03888888888888889
17 0.496875 0.6055555555555555 0.021875 0.041666666666666664
17 0.3453125 0.6361111111111111 0.0515625 0.05555555555555555
17 0.1765625 0.6555555555555556 0.04375 0.04722222222222222
17 0.2640625 0.6472222222222223 0.01875 0.05
10 0.1453125 0.7333333333333333 0.05 0.09722222222222222
17 0.1328125 0.6583333333333333 0.0421875 0.04722222222222222