17 0.04027777777777778 0.540625 0.08055555555555556 0.06875
19 0.19722222222222222 0.53125 0.09166666666666666 0.04375
19 0.3055555555555556 0.528125 0.07222222222222222 0.0390625
10 0.25833333333333336 0.53125 0.025 0.0328125
17 0.35 0.5265625 0.022222222222222223 0.0265625
5 0.40555555555555556 0.525 0.044444444444444446 0.01875
10 0.5305555555555556 0.5234375 0.025 0.0234375
5 0.6583333333333333 0.5265625 0.05 0.021875
5 0.6194444444444445 0.521875 0.025 0.0140625
9 0.7083333333333334 0.521875 0.03333333333333333 0.025
13 0.7416666666666667 0.528125 0.03611111111111111 0.0390625
13 0.7777777777777778 0.5265625 0.03611111111111111 0.0390625
13 0.9055555555555556 0.5375 0.1111111111111111 0.1015625