10 0.559375 0.6583333333333333 0.2078125 0.2222222222222222
10 0.725 0.5444444444444444 0.1125 0.14444444444444443
10 0.66875 0.48333333333333334 0.03125 0.044444444444444446
17 0.8171875 0.425 0.0515625 0.06111111111111111
17 0.6359375 0.4527777777777778 0.0328125 0.05555555555555555
17 0.490625 0.525 0.0921875 0.13333333333333333
17 0.4140625 0.49166666666666664 0.04375 0.041666666666666664
17 0.3734375 0.4861111111111111 0.0234375 0.030555555555555555
13 0.14375 0.5972222222222222 0.146875 0.20277777777777778
13 0.040625 0.6305555555555555 0.08125 0.2972222222222222
17 0.9234375 0.41388888888888886 0.0640625 0.06666666666666667