17 0.9546875 0.5333333333333333 0.0375 0.07777777777777778
10 0.9265625 0.5472222222222223 0.028125 0.08888888888888889
10 0.8796875 0.5638888888888889 0.0265625 0.1
10 0.834375 0.5777777777777777 0.0265625 0.10833333333333334
9 0.8546875 0.5444444444444444 0.015625 0.030555555555555555
13 0.8140625 0.5611111111111111 0.0140625 0.044444444444444446
3 0.51875 0.6833333333333333 0.0375 0.07777777777777778
13 0.4765625 0.6694444444444444 0.0453125 0.13055555555555556
9 0.603125 0.625 0.075 0.09722222222222222
13 0.7796875 0.5722222222222222 0.025 0.058333333333333334
3 0.375 0.7972222222222223 0.0796875 0.1111111111111111
13 0.3984375 0.6888888888888889 0.0390625 0.10555555555555556
13 0.3 0.7305555555555555 0.0703125 0.14166666666666666
13 0.353125 0.6694444444444444 0.0296875 0.06666666666666667
20 0.1046875 0.7805555555555556 0.1375 0.18611111111111112
3 0.2109375 0.7944444444444444 0.025 0.09166666666666666