3 0.7390625 0.6138888888888889 0.0390625 0.1388888888888889
17 0.6734375 0.5694444444444444 0.0171875 0.03333333333333333
7 0.5921875 0.6027777777777777 0.103125 0.16666666666666666
9 0.5140625 0.6194444444444445 0.0515625 0.1111111111111111
17 0.321875 0.6166666666666667 0.0484375 0.05277777777777778
17 0.378125 0.6055555555555555 0.0296875 0.044444444444444446
17 0.059375 0.65 0.0578125 0.058333333333333334
10 0.1796875 0.6527777777777778 0.04375 0.03888888888888889
13 0.8828125 0.5722222222222222 0.05 0.10833333333333334
13 0.821875 0.5611111111111111 0.0328125 0.07222222222222222
5 0.959375 0.6361111111111111 0.078125 0.2638888888888889
13 0.7921875 0.5638888888888889 0.021875 0.06111111111111111