15 0.49166666666666664 0.575 0.20555555555555555 0.096875
18 0.5194444444444445 0.5109375 0.18333333333333332 0.0546875
5 0.7555555555555555 0.5890625 0.19166666666666668 0.0890625
5 0.1638888888888889 0.5703125 0.1527777777777778 0.0609375
17 0.28055555555555556 0.559375 0.06944444444444445 0.0453125
10 0.3388888888888889 0.5546875 0.025 0.0265625
13 0.375 0.5578125 0.041666666666666664 0.046875
13 0.3194444444444444 0.55 0.013888888888888888 0.0234375
5 0.6388888888888888 0.5625 0.05 0.0390625
9 0.9555555555555556 0.56875 0.08333333333333333 0.1046875
17 0.06666666666666667 0.5578125 0.04722222222222222 0.034375