17 0.4578125 0.8115942028985508 0.11875 0.29347826086956524
5 0.6421875 0.5905797101449275 0.06875 0.11956521739130435
5 0.671875 0.5289855072463768 0.0453125 0.07608695652173914
17 0.546875 0.6231884057971014 0.059375 0.15579710144927536
11 0.4328125 0.5942028985507246 0.16875 0.17753623188405798
13 0.184375 0.6992753623188406 0.1 0.16304347826086957
10 0.028125 0.7608695652173914 0.05625 0.09782608695652174
13 0.509375 0.5144927536231884 0.0203125 0.06884057971014493
17 0.5703125 0.5217391304347826 0.0234375 0.050724637681159424
17 0.5796875 0.5108695652173914 0.0265625 0.06159420289855073
5 0.5421875 0.4927536231884058 0.0296875 0.043478260869565216
5 0.1 0.6920289855072463 0.103125 0.11594202898550725