17 0.3890625 0.5694444444444444 0.075 0.15
17 0.434375 0.5138888888888888 0.0359375 0.05555555555555555
5 0.496875 0.5222222222222223 0.0890625 0.058333333333333334
17 0.5625 0.5 0.0375 0.05277777777777778
3 0.596875 0.5166666666666667 0.03125 0.030555555555555555
17 0.309375 0.5305555555555556 0.0515625 0.06111111111111111
10 0.25 0.5527777777777778 0.04375 0.044444444444444446
13 0.175 0.5527777777777778 0.040625 0.08333333333333333
13 0.1015625 0.5472222222222223 0.0296875 0.058333333333333334
17 0.015625 0.5527777777777778 0.03125 0.04722222222222222
10 0.04375 0.5611111111111111 0.028125 0.025
5 0.6484375 0.5055555555555555 0.0671875 0.06111111111111111
13 0.7046875 0.48055555555555557 0.0265625 0.041666666666666664
13 0.721875 0.48055555555555557 0.0203125 0.044444444444444446
17 0.8921875 0.6833333333333333 0.2046875 0.5861111111111111
4 0.265625 0.5027777777777778 0.03125 0.08333333333333333