7 0.88125 0.580168776371308 0.071875 0.09071729957805907
5 0.4375 0.5864978902953587 0.0609375 0.06540084388185655
13 0.1671875 0.5886075949367089 0.05 0.07383966244725738
13 0.1125 0.5970464135021097 0.034375 0.07383966244725738
11 0.04375 0.5970464135021097 0.0609375 0.07172995780590717
13 0.315625 0.569620253164557 0.0203125 0.03164556962025317
18 0.53125 0.5506329113924051 0.053125 0.07383966244725738
13 0.58125 0.5611814345991561 0.0125 0.023206751054852322
18 0.4359375 0.5379746835443038 0.021875 0.03164556962025317
13 0.7453125 0.569620253164557 0.021875 0.04852320675105485
18 0.253125 0.5675105485232067 0.05 0.056962025316455694
9 0.346875 0.5590717299578059 0.034375 0.023206751054852322
18 0.39375 0.5506329113924051 0.0234375 0.035864978902953586