5 0.9109375 0.7083333333333334 0.06875 0.075
15 0.446875 0.6916666666666667 0.034375 0.058333333333333334
17 0.4703125 0.6777777777777778 0.0125 0.03333333333333333
20 0.3546875 0.7194444444444444 0.03125 0.041666666666666664
13 0.3859375 0.6777777777777778 0.0078125 0.03333333333333333
13 0.415625 0.6777777777777778 0.009375 0.030555555555555555
13 0.425 0.6777777777777778 0.0046875 0.03611111111111111
13 0.3765625 0.6888888888888889 0.0078125 0.05
20 0.2125 0.8166666666666667 0.103125 0.12222222222222222
5 0.1421875 0.7194444444444444 0.0328125 0.09444444444444444
20 0.2875 0.7083333333333334 0.01875 0.03333333333333333