17 0.409375 0.6805555555555556 0.109375 0.19166666666666668
5 0.5875 0.6083333333333333 0.1296875 0.16666666666666666
17 0.5203125 0.5194444444444445 0.08125 0.14722222222222223
19 0.6328125 0.46111111111111114 0.1046875 0.1527777777777778
19 0.7484375 0.4111111111111111 0.0796875 0.125
4 0.6671875 0.34444444444444444 0.1046875 0.15833333333333333
4 0.478125 0.39444444444444443 0.215625 0.34444444444444444
15 0.1046875 0.39166666666666666 0.096875 0.09444444444444444
5 0.8890625 0.46111111111111114 0.0703125 0.12222222222222222
5 0.9703125 0.475 0.0578125 0.125
17 0.7546875 0.24166666666666667 0.0265625 0.04722222222222222
5 0.0359375 0.4111111111111111 0.071875 0.08888888888888889
10 0.7375 0.4861111111111111 0.0296875 0.09722222222222222