18 0.88125 0.37222222222222223 0.2328125 0.36666666666666664
10 0.7375 0.41388888888888886 0.0421875 0.03888888888888889
17 0.7046875 0.3972222222222222 0.025 0.05555555555555555
17 0.6328125 0.40555555555555556 0.025 0.05
13 0.6609375 0.41388888888888886 0.0390625 0.07222222222222222
5 0.515625 0.4444444444444444 0.0625 0.08888888888888889
13 0.5484375 0.4166666666666667 0.0171875 0.058333333333333334
17 0.309375 0.4222222222222222 0.0359375 0.03888888888888889
13 0.353125 0.41944444444444445 0.03125 0.03888888888888889
13 0.2640625 0.42777777777777776 0.028125 0.041666666666666664
17 0.4140625 0.41944444444444445 0.0328125 0.03888888888888889
17 0.5671875 0.41388888888888886 0.01875 0.05555555555555555