10 0.509375 0.4583333333333333 0.0296875 0.1
11 0.6015625 0.425 0.0953125 0.07777777777777778
17 0.5453125 0.425 0.01875 0.058333333333333334
5 0.325 0.4305555555555556 0.0796875 0.041666666666666664
17 0.38125 0.41388888888888886 0.03125 0.04722222222222222
17 0.421875 0.4166666666666667 0.0359375 0.044444444444444446
10 0.465625 0.425 0.01875 0.027777777777777776
3 0.74375 0.4583333333333333 0.03125 0.05555555555555555
17 0.715625 0.4222222222222222 0.0265625 0.05555555555555555
17 0.765625 0.41944444444444445 0.021875 0.04722222222222222
16 0.9671875 0.4861111111111111 0.059375 0.07777777777777778
13 0.840625 0.5333333333333333 0.2375 0.33611111111111114
13 0.990625 0.4083333333333333 0.015625 0.05
17 0.659375 0.4222222222222222 0.01875 0.05277777777777778