10 0.8765625 0.4722222222222222 0.1125 0.1638888888888889
17 0.5921875 0.45555555555555555 0.11875 0.19444444444444445
19 0.3125 0.46944444444444444 0.1390625 0.16111111111111112
10 0.65625 0.42777777777777776 0.034375 0.05555555555555555
10 0.68125 0.39444444444444443 0.0375 0.03888888888888889
17 0.821875 0.36944444444444446 0.0203125 0.05277777777777778
13 0.7984375 0.3861111111111111 0.0375 0.08611111111111111
10 0.51875 0.41944444444444445 0.0265625 0.041666666666666664
17 0.3921875 0.3888888888888889 0.025 0.03611111111111111
17 0.4546875 0.3888888888888889 0.034375 0.03611111111111111
5 0.746875 0.3888888888888889 0.06875 0.06111111111111111
5 0.975 0.36944444444444446 0.0484375 0.06111111111111111