13 0.490625 0.5861111111111111 0.1203125 0.3861111111111111
13 0.5921875 0.4666666666666667 0.0484375 0.20277777777777778
4 0.80625 0.48333333333333334 0.3859375 0.8166666666666667
4 0.4140625 0.37222222222222223 0.1921875 0.2361111111111111
5 0.28125 0.44722222222222224 0.115625 0.15
10 0.2265625 0.39166666666666666 0.0265625 0.09166666666666666
17 0.04296875 0.5083333333333333 0.0859375 0.25
17 0.103125 0.4083333333333333 0.05 0.11944444444444445
9 0.125 0.3638888888888889 0.0484375 0.06666666666666667
4 0.0640625 0.33055555555555555 0.0609375 0.08055555555555556
4 0.1109375 0.3138888888888889 0.0328125 0.041666666666666664
4 0.146875 0.32222222222222224 0.025 0.058333333333333334
13 0.01484375 0.3680555555555556 0.0296875 0.058333333333333334
13 0.03125 0.35833333333333334 0.021875 0.041666666666666664
3 0.059375 0.3527777777777778 0.01875 0.044444444444444446
17 0.2078125 0.33055555555555555 0.009375 0.022222222222222223
13 0.2890625 0.35833333333333334 0.025 0.05
17 0.3125 0.3611111111111111 0.01875 0.06111111111111111
19 0.259375 0.35555555555555557 0.028125 0.05277777777777778
17 0.2328125 0.33055555555555555 0.0125 0.022222222222222223
17 0.584375 0.38333333333333336 0.046875 0.08333333333333333
5 0.196875 0.3277777777777778 0.009375 0.019444444444444445