9 0.3796875 0.5305555555555556 0.2578125 0.20555555555555555
9 0.6703125 0.48333333333333334 0.059375 0.10555555555555556
15 0.609375 0.4722222222222222 0.0640625 0.08055555555555556
5 0.5125 0.4722222222222222 0.040625 0.04722222222222222
10 0.8 0.4722222222222222 0.01875 0.05
3 0.7140625 0.4722222222222222 0.03125 0.030555555555555555
13 0.946875 0.4888888888888889 0.0703125 0.1638888888888889
17 0.890625 0.44722222222222224 0.04375 0.06111111111111111
17 0.534375 0.45555555555555555 0.0359375 0.044444444444444446
17 0.5671875 0.45555555555555555 0.0171875 0.03611111111111111
17 0.734375 0.4583333333333333 0.015625 0.06111111111111111
17 0.990625 0.4444444444444444 0.0171875 0.05555555555555555