17 0.365625 0.8305555555555556 0.1109375 0.1388888888888889
10 0.45625 0.9166666666666666 0.078125 0.09444444444444444
5 0.06328125 0.8069444444444445 0.1265625 0.1527777777777778
11 0.7546875 0.4638888888888889 0.196875 0.1527777777777778
4 0.8171875 0.8055555555555556 0.3625 0.2861111111111111
4 0.203125 0.3416666666666667 0.24375 0.17777777777777778
11 0.390625 0.5722222222222222 0.1796875 0.125
5 0.671875 0.5805555555555556 0.1421875 0.1
9 0.8703125 0.5611111111111111 0.146875 0.13055555555555556
15 0.7078125 0.3416666666666667 0.1375 0.10277777777777777
13 0.8953125 0.4111111111111111 0.075 0.10277777777777777
10 0.4515625 0.4166666666666667 0.0546875 0.06944444444444445
10 0.596875 0.4361111111111111 0.0578125 0.09166666666666666
11 0.0796875 0.4722222222222222 0.140625 0.12222222222222222
0 0.1484375 0.5722222222222222 0.1875 0.1388888888888889