5 0.865625 0.5055555555555555 0.1171875 0.16944444444444445
17 0.83125 0.4305555555555556 0.075 0.08611111111111111
10 0.7140625 0.44722222222222224 0.0296875 0.09444444444444444
10 0.6296875 0.4361111111111111 0.021875 0.07777777777777778
17 0.76875 0.4111111111111111 0.04375 0.05277777777777778
17 0.890625 0.40555555555555556 0.0421875 0.05277777777777778
17 0.5796875 0.4083333333333333 0.03125 0.03888888888888889
5 0.353125 0.5166666666666667 0.240625 0.20555555555555555
5 0.14296875 0.5791666666666667 0.2859375 0.30277777777777776
13 0.49375 0.41944444444444445 0.0375 0.05
17 0.4640625 0.41388888888888886 0.0234375 0.03611111111111111
17 0.434375 0.4111111111111111 0.0234375 0.03333333333333333
17 0.728125 0.41388888888888886 0.01875 0.058333333333333334