17 0.0453125 0.7083333333333334 0.090625 0.15833333333333333
4 0.0765625 0.5361111111111111 0.15 0.2
4 0.8046875 0.39166666666666666 0.2234375 0.19444444444444445
5 0.7015625 0.7722222222222223 0.1546875 0.15555555555555556
5 0.9515625 0.6694444444444444 0.0921875 0.1388888888888889
9 0.4640625 0.9055555555555556 0.1828125 0.18611111111111112
10 0.4734375 0.5 0.0515625 0.04722222222222222
5 0.221875 0.65 0.159375 0.11666666666666667
5 0.215625 0.7527777777777778 0.178125 0.13055555555555556
11 0.621875 0.525 0.1171875 0.14722222222222223
15 0.584375 0.39166666666666666 0.1171875 0.1
5 0.759375 0.5388888888888889 0.0859375 0.1111111111111111
13 0.371875 0.44722222222222224 0.071875 0.08055555555555556