15 0.18515625 0.5236111111111111 0.3703125 0.35833333333333334
15 0.5828125 0.6222222222222222 0.30625 0.375
5 0.8328125 0.46111111111111114 0.096875 0.11666666666666667
17 0.9109375 0.43333333333333335 0.0484375 0.08888888888888889
17 0.51875 0.425 0.0890625 0.08333333333333333
17 0.5734375 0.38055555555555554 0.0421875 0.044444444444444446
9 0.3796875 0.39166666666666666 0.103125 0.11666666666666667
5 0.1359375 0.8 0.2609375 0.3972222222222222
5 0.440625 0.42777777777777776 0.0984375 0.1
5 0.7296875 0.48055555555555557 0.096875 0.15833333333333333
13 0.66875 0.38333333333333336 0.028125 0.05277777777777778
19 0.95 0.4388888888888889 0.028125 0.10555555555555556
17 0.80625 0.3861111111111111 0.021875 0.03333333333333333