10 0.1625 0.525 0.103125 0.325
11 0.6078125 0.6888888888888889 0.76875 0.6027777777777777
15 0.26875 0.3888888888888889 0.2078125 0.21944444444444444
5 0.128125 0.35555555555555557 0.1078125 0.10555555555555556
5 0.08125 0.3333333333333333 0.0546875 0.09722222222222222
5 0.7546875 0.3194444444444444 0.096875 0.1
5 0.8203125 0.3194444444444444 0.0953125 0.10555555555555556
5 0.9578125 0.3138888888888889 0.08125 0.10277777777777777
15 0.5984375 0.2972222222222222 0.103125 0.10833333333333334
15 0.5625 0.3472222222222222 0.2859375 0.15555555555555556
5 0.684375 0.3194444444444444 0.0734375 0.1
17 0.146875 0.2722222222222222 0.03125 0.030555555555555555
5 0.0484375 0.2722222222222222 0.0359375 0.03333333333333333
5 0.1875 0.2722222222222222 0.034375 0.03333333333333333