13 0.5828125 0.5305555555555556 0.0484375 0.1388888888888889
17 0.640625 0.49166666666666664 0.0265625 0.05
13 0.7015625 0.48055555555555557 0.0234375 0.041666666666666664
13 0.7171875 0.475 0.0203125 0.044444444444444446
17 0.36875 0.5333333333333333 0.04375 0.08055555555555556
17 0.4234375 0.5111111111111111 0.0296875 0.05
5 0.3171875 0.5333333333333333 0.05625 0.05555555555555555
10 0.2640625 0.65 0.140625 0.175
5 0.159375 0.5472222222222223 0.090625 0.05555555555555555
4 0.05625 0.5194444444444445 0.0953125 0.08888888888888889
4 0.496875 0.48333333333333334 0.1203125 0.10833333333333334