10 0.1484375 0.7166666666666667 0.059375 0.2
19 0.2828125 0.6944444444444444 0.075 0.14722222222222223
17 0.225 0.6833333333333333 0.0453125 0.09166666666666666
17 0.184375 0.6777777777777778 0.040625 0.08888888888888889
19 0.340625 0.6777777777777778 0.025 0.05555555555555555
4 0.4375 0.6666666666666666 0.0578125 0.1361111111111111
5 0.5125 0.7027777777777777 0.0359375 0.04722222222222222
10 0.5703125 0.7083333333333334 0.015625 0.058333333333333334
10 0.4796875 0.7027777777777777 0.0125 0.044444444444444446
18 0.778125 0.6527777777777778 0.1453125 0.12777777777777777
4 0.871875 0.6722222222222223 0.0859375 0.09722222222222222
5 0.6546875 0.7055555555555556 0.0484375 0.027777777777777776
5 0.4921875 0.7 0.0140625 0.030555555555555555