17 0.5203125 0.5055555555555555 0.28125 0.4166666666666667
5 0.1296875 0.36944444444444446 0.128125 0.16111111111111112
13 0.7734375 0.36944444444444446 0.1765625 0.2388888888888889
13 0.584375 0.28055555555555556 0.0484375 0.07222222222222222
13 0.2140625 0.37222222222222223 0.084375 0.20555555555555555
4 0.0359375 0.26666666666666666 0.071875 0.09444444444444444
13 0.48125 0.28888888888888886 0.046875 0.030555555555555555
13 0.3984375 0.26944444444444443 0.046875 0.04722222222222222
13 0.534375 0.28055555555555556 0.053125 0.07222222222222222
17 0.94375 0.37222222222222223 0.084375 0.16944444444444445
13 0.83125 0.7 0.334375 0.3527777777777778