5 0.7515625 0.7 0.1109375 0.13055555555555556
4 0.084375 0.5694444444444444 0.16875 0.5555555555555556
17 0.4375 0.7027777777777777 0.0578125 0.13333333333333333
5 0.2953125 0.6916666666666667 0.109375 0.1361111111111111
10 0.64375 0.7 0.021875 0.07777777777777778
9 0.859375 0.6638888888888889 0.0875 0.044444444444444446
4 0.5984375 0.6555555555555556 0.0609375 0.1
18 0.675 0.65 0.05 0.06111111111111111
4 0.5296875 0.6527777777777778 0.0359375 0.08611111111111111
19 0.48125 0.6833333333333333 0.0484375 0.10555555555555556
9 0.4046875 0.6777777777777778 0.0359375 0.08611111111111111
17 0.3828125 0.6694444444444444 0.0203125 0.05277777777777778
5 0.696875 0.6861111111111111 0.0359375 0.058333333333333334