13 0.12578125 0.6138888888888889 0.2515625 0.7666666666666667
13 0.4671875 0.4222222222222222 0.2109375 0.6416666666666667
13 0.2890625 0.16111111111111112 0.0859375 0.24166666666666667
13 0.3765625 0.20833333333333334 0.090625 0.31666666666666665
11 0.11875 0.18888888888888888 0.2359375 0.37777777777777777
4 0.28125 0.07916666666666666 0.21875 0.15833333333333333
11 0.83125 0.49444444444444446 0.33125 0.9888888888888889
11 0.6171875 0.075 0.125 0.1388888888888889
11 0.728125 0.030555555555555555 0.053125 0.06111111111111111
13 0.45 0.04722222222222222 0.0421875 0.06388888888888888
13 0.49375 0.04722222222222222 0.025 0.06666666666666667