5 0.64375 0.8861111111111111 0.1390625 0.2222222222222222
5 0.6515625 0.5166666666666667 0.0921875 0.11666666666666667
5 0.8953125 0.6055555555555555 0.1890625 0.11944444444444445
5 0.059375 0.6638888888888889 0.11875 0.1388888888888889
11 0.15 0.5 0.09375 0.1111111111111111
5 0.2 0.41944444444444445 0.053125 0.05277777777777778
10 0.2171875 0.44722222222222224 0.021875 0.06944444444444445
15 0.1078125 0.4722222222222222 0.065625 0.08611111111111111
5 0.103125 0.45 0.0640625 0.06944444444444445
5 0.03046875 0.6013888888888889 0.0609375 0.08055555555555556
1 0.0859375 0.3861111111111111 0.0953125 0.1111111111111111
5 0.02421875 0.5180555555555556 0.0484375 0.08611111111111111
10 0.1109375 0.8666666666666667 0.0796875 0.19166666666666668
15 0.215625 0.875 0.14375 0.24444444444444444
10 0.040625 0.9472222222222222 0.071875 0.1
17 0.315625 0.6805555555555556 0.0640625 0.17222222222222222
19 0.3859375 0.8277777777777777 0.1234375 0.33055555555555555
17 0.5078125 0.8166666666666667 0.084375 0.23333333333333334
17 0.565625 0.7027777777777777 0.071875 0.17777777777777778
17 0.4828125 0.6805555555555556 0.059375 0.14722222222222223
17 0.440625 0.6333333333333333 0.05 0.15555555555555556
17 0.3765625 0.6 0.05 0.1388888888888889
17 0.475 0.5555555555555556 0.0390625 0.10277777777777777
5 0.5875 0.44722222222222224 0.046875 0.08888888888888889
4 0.525 0.44722222222222224 0.0890625 0.2
9 0.453125 0.4777777777777778 0.046875 0.11944444444444445
19 0.3203125 0.5027777777777778 0.0625 0.14166666666666666
9 0.3984375 0.5166666666666667 0.0546875 0.12777777777777777
19 0.384375 0.4666666666666667 0.053125 0.13055555555555556
5 0.3875 0.40555555555555556 0.0359375 0.06666666666666667
19 0.4359375 0.4222222222222222 0.040625 0.09166666666666666
5 0.45625 0.35555555555555557 0.0296875 0.05
5 0.421875 0.36944444444444446 0.03125 0.04722222222222222
5 0.41875 0.3416666666666667 0.025 0.03333333333333333
15 0.3859375 0.35555555555555557 0.034375 0.05555555555555555
11 0.3484375 0.3611111111111111 0.028125 0.08055555555555556
5 0.33125 0.425 0.0453125 0.04722222222222222
5 0.3875 0.3194444444444444 0.0234375 0.03611111111111111
5 0.3796875 0.28888888888888886 0.01875 0.025
19 0.4015625 0.29444444444444445 0.0171875 0.03611111111111111
9 0.440625 0.3 0.025 0.03888888888888889
9 0.4546875 0.33055555555555555 0.0265625 0.04722222222222222
9 0.45625 0.2916666666666667 0.0203125 0.030555555555555555
19 0.4703125 0.275 0.0171875 0.030555555555555555
5 0.4875 0.3055555555555556 0.015625 0.03333333333333333
4 0.503125 0.3333333333333333 0.04375 0.044444444444444446
4 0.509375 0.3194444444444444 0.0453125 0.06388888888888888
4 0.4484375 0.25 0.0203125 0.06666666666666667
4 0.4703125 0.25 0.01875 0.03888888888888889
9 0.4265625 0.2861111111111111 0.01875 0.03333333333333333
19 0.4046875 0.2722222222222222 0.015625 0.019444444444444445
5 0.4203125 0.26666666666666666 0.0109375 0.022222222222222223
9 0.440625 0.3 0.025 0.03611111111111111
9 0.3859375 0.2722222222222222 0.0171875 0.025
17 0.2015625 0.3611111111111111 0.0296875 0.05277777777777778
5 0.2578125 0.375 0.0359375 0.044444444444444446
17 0.26875 0.3277777777777778 0.021875 0.03611111111111111
13 0.7484375 0.5138888888888888 0.0609375 0.11388888888888889
13 0.825 0.5194444444444445 0.0765625 0.10833333333333334
13 0.8671875 0.5138888888888888 0.025 0.07777777777777778
15 0.0171875 0.44166666666666665 0.0328125 0.06111111111111111
10 0.209375 0.3111111111111111 0.015625 0.03611111111111111
17 0.2546875 0.32222222222222224 0.0171875 0.041666666666666664
17 0.284375 0.3111111111111111 0.0171875 0.03333333333333333
9 0.2953125 0.3277777777777778 0.0265625 0.03888888888888889
15 0.3015625 0.29444444444444445 0.021875 0.030555555555555555
5 0.3203125 0.2861111111111111 0.0171875 0.022222222222222223
17 0.3328125 0.2638888888888889 0.009375 0.022222222222222223
9 0.3625 0.25555555555555554 0.0109375 0.016666666666666666
5 0.3484375 0.25833333333333336 0.0125 0.019444444444444445
5 0.3625 0.3388888888888889 0.01875 0.03888888888888889
19 0.39375 0.25277777777777777 0.0125 0.011111111111111112
9 0.4328125 0.25833333333333336 0.0109375 0.016666666666666666
10 0.140625 0.40555555555555556 0.021875 0.058333333333333334