17 0.3578125 0.925 0.075 0.14166666666666666
17 0.803125 0.8777777777777778 0.090625 0.16944444444444445
17 0.7453125 0.6944444444444444 0.05625 0.10555555555555556
17 0.7265625 0.65 0.046875 0.08055555555555556
17 0.7125 0.6166666666666667 0.04375 0.06666666666666667
17 0.684375 0.5944444444444444 0.0359375 0.06111111111111111
17 0.6859375 0.55 0.0328125 0.025
17 0.75625 0.5722222222222222 0.0359375 0.030555555555555555
17 0.3765625 0.6527777777777778 0.0359375 0.08333333333333333
17 0.1765625 0.675 0.05 0.07222222222222222
17 0.18125 0.6277777777777778 0.0421875 0.027777777777777776
5 0.253125 0.575 0.04375 0.044444444444444446
4 0.184375 0.8361111111111111 0.18125 0.31666666666666665
5 0.4703125 0.7361111111111112 0.0640625 0.1111111111111111
5 0.390625 0.5138888888888888 0.0234375 0.03333333333333333
5 0.403125 0.43333333333333335 0.0109375 0.019444444444444445
5 0.4046875 0.4083333333333333 0.00625 0.011111111111111112
5 0.421875 0.41388888888888886 0.0078125 0.008333333333333333
15 0.9421875 0.8833333333333333 0.1109375 0.19722222222222222
5 0.890625 0.7361111111111112 0.1078125 0.11388888888888889
5 0.84375 0.7916666666666666 0.1125 0.1527777777777778
5 0.8203125 0.675 0.06875 0.08611111111111111
5 0.6765625 0.6972222222222222 0.0828125 0.09722222222222222
5 0.6328125 0.7694444444444445 0.08125 0.14166666666666666
9 0.70625 0.8416666666666667 0.140625 0.19444444444444445
5 0.7265625 0.7861111111111111 0.096875 0.13055555555555556
5 0.896875 0.9527777777777777 0.15 0.08333333333333333
9 0.9625 0.7222222222222222 0.0671875 0.10833333333333334
15 0.8890625 0.6638888888888889 0.096875 0.10833333333333334
5 0.7609375 0.6222222222222222 0.071875 0.08888888888888889
5 0.7125 0.575 0.040625 0.025
10 0.571875 0.6944444444444444 0.03125 0.1
10 0.603125 0.6888888888888889 0.0234375 0.09444444444444444
10 0.6203125 0.6611111111111111 0.0140625 0.06666666666666667
10 0.63125 0.6722222222222223 0.01875 0.05
17 0.6625 0.6277777777777778 0.05 0.04722222222222222
9 0.609375 0.6111111111111112 0.05625 0.07777777777777778
17 0.7296875 0.5583333333333333 0.0359375 0.03888888888888889
17 0.6875 0.5527777777777778 0.0359375 0.03611111111111111
5 0.571875 0.6583333333333333 0.0625 0.09166666666666666
5 0.653125 0.6 0.05625 0.044444444444444446
5 0.5484375 0.6083333333333333 0.0484375 0.06944444444444445
5 0.578125 0.5833333333333334 0.040625 0.05277777777777778
5 0.5546875 0.5527777777777778 0.0375 0.041666666666666664
5 0.5296875 0.575 0.0390625 0.06111111111111111
5 0.64375 0.5555555555555556 0.0453125 0.05277777777777778
5 0.59375 0.5388888888888889 0.0390625 0.03611111111111111
5 0.6484375 0.525 0.0328125 0.022222222222222223
17 0.603125 0.5166666666666667 0.021875 0.022222222222222223
15 0.571875 0.5194444444444445 0.03125 0.03888888888888889
17 0.540625 0.5277777777777778 0.021875 0.03611111111111111
19 0.503125 0.5222222222222223 0.034375 0.06111111111111111
4 0.56875 0.46111111111111114 0.0546875 0.05
5 0.61875 0.5111111111111111 0.0265625 0.03333333333333333
5 0.575 0.5 0.025 0.025
5 0.5421875 0.49444444444444446 0.0234375 0.025
5 0.6203125 0.5361111111111111 0.0265625 0.027777777777777776
5 0.55 0.5138888888888888 0.021875 0.027777777777777776
11 0.5359375 0.4666666666666667 0.0265625 0.03611111111111111
17 0.6640625 0.5388888888888889 0.0265625 0.03333333333333333
17 0.596875 0.5083333333333333 0.01875 0.025
10 0.478125 0.8805555555555555 0.0390625 0.14444444444444443
11 0.421875 0.4361111111111111 0.015625 0.03888888888888889
5 0.5109375 0.5527777777777778 0.0328125 0.04722222222222222
9 0.4796875 0.4888888888888889 0.01875 0.041666666666666664
19 0.4921875 0.46111111111111114 0.01875 0.030555555555555555
4 0.5 0.4222222222222222 0.021875 0.027777777777777776
17 0.5125 0.4666666666666667 0.0140625 0.022222222222222223
15 0.4625 0.4638888888888889 0.0078125 0.03611111111111111
11 0.453125 0.425 0.0109375 0.016666666666666666
5 0.4578125 0.45 0.0140625 0.025
11 0.484375 0.4305555555555556 0.015625 0.022222222222222223
17 0.075 0.8083333333333333 0.078125 0.13055555555555556