15 0.8890625 0.9138888888888889 0.1859375 0.16666666666666666
5 0.64375 0.8944444444444445 0.15625 0.20555555555555555
5 0.709375 0.6833333333333333 0.103125 0.19166666666666668
17 0.8390625 0.625 0.0921875 0.08611111111111111
17 0.7921875 0.5972222222222222 0.0796875 0.14722222222222223
17 0.721875 0.5583333333333333 0.0796875 0.125
17 0.5796875 0.6972222222222222 0.078125 0.175
17 0.35625 0.4777777777777778 0.05625 0.14166666666666666
17 0.19375 0.7166666666666667 0.08125 0.19444444444444445
17 0.375 0.3527777777777778 0.040625 0.08611111111111111
17 0.15 0.19444444444444445 0.0265625 0.06388888888888888
5 0.0484375 0.9083333333333333 0.09375 0.17777777777777778
5 0.2390625 0.9194444444444444 0.159375 0.15833333333333333
15 0.425 0.9055555555555556 0.159375 0.18055555555555555
9 0.465625 0.8472222222222222 0.15625 0.25277777777777777
9 0.4703125 0.7 0.1359375 0.20277777777777778
9 0.4390625 0.6305555555555555 0.115625 0.20555555555555555
19 0.309375 0.6833333333333333 0.134375 0.26666666666666666
9 0.303125 0.55 0.109375 0.20833333333333334
7 0.2875 0.4083333333333333 0.0765625 0.13055555555555556
0 0.6640625 0.4305555555555556 0.084375 0.14722222222222223
19 0.565625 0.5472222222222223 0.096875 0.18055555555555555
19 0.5109375 0.42777777777777776 0.0828125 0.14166666666666666
4 0.49375 0.2611111111111111 0.0734375 0.14722222222222223
4 0.5578125 0.21666666666666667 0.0734375 0.14444444444444443
4 0.48125 0.15555555555555556 0.065625 0.14166666666666666
19 0.3828125 0.26944444444444443 0.0453125 0.07222222222222222
19 0.3203125 0.37777777777777777 0.0609375 0.1361111111111111
19 0.325 0.26944444444444443 0.0421875 0.08055555555555556
19 0.303125 0.30833333333333335 0.0546875 0.07777777777777778
18 0.40625 0.36944444444444446 0.071875 0.10277777777777777
11 0.41875 0.45 0.0890625 0.18055555555555555
11 0.2734375 0.225 0.0421875 0.07777777777777778
15 0.228125 0.3333333333333333 0.053125 0.075
19 0.1921875 0.3972222222222222 0.0640625 0.13333333333333333
5 0.21875 0.36944444444444446 0.0578125 0.09444444444444444
5 0.178125 0.55 0.0703125 0.13055555555555556
5 0.175 0.4888888888888889 0.084375 0.09444444444444444
5 0.175 0.4444444444444444 0.084375 0.07222222222222222
11 0.075 0.6138888888888889 0.1203125 0.25555555555555554
5 0.065625 0.8138888888888889 0.13125 0.22777777777777777
19 0.8578125 0.7861111111111111 0.140625 0.25
5 0.7578125 0.7416666666666667 0.0828125 0.17777777777777778
15 0.659375 0.5527777777777778 0.0703125 0.14166666666666666
19 0.3390625 0.19166666666666668 0.03125 0.03333333333333333
9 0.403125 0.20555555555555555 0.0375 0.030555555555555555
4 0.3890625 0.13333333333333333 0.046875 0.06944444444444445
4 0.3140625 0.11388888888888889 0.0421875 0.07777777777777778
19 0.3015625 0.18888888888888888 0.0375 0.05
5 0.3546875 0.15833333333333333 0.0265625 0.027777777777777776
4 0.440625 0.16111111111111112 0.01875 0.06111111111111111
10 0.0640625 0.2388888888888889 0.0203125 0.06388888888888888
10 0.0578125 0.31666666666666665 0.05 0.07777777777777778
5 0.178125 0.20555555555555555 0.040625 0.044444444444444446
9 0.215625 0.09444444444444444 0.01875 0.03888888888888889
17 0.184375 0.1 0.015625 0.030555555555555555
4 0.3953125 0.05277777777777778 0.03125 0.044444444444444446
4 0.3578125 0.075 0.0328125 0.044444444444444446
4 0.36875 0.08333333333333333 0.0359375 0.030555555555555555
4 0.4015625 0.08333333333333333 0.03125 0.025
4 0.3046875 0.05555555555555555 0.0265625 0.03333333333333333