5 0.209375 0.7027777777777777 0.090625 0.1527777777777778
5 0.3359375 0.7138888888888889 0.090625 0.17222222222222222
15 0.4453125 0.7166666666666667 0.0890625 0.18333333333333332
5 0.628125 0.7722222222222223 0.1125 0.17222222222222222
15 0.7140625 0.7111111111111111 0.109375 0.16666666666666666
19 0.690625 0.6027777777777777 0.0734375 0.14444444444444443
5 0.6328125 0.5777777777777777 0.0453125 0.09444444444444444
19 0.378125 0.5444444444444444 0.059375 0.14444444444444443
9 0.4703125 0.6472222222222223 0.0765625 0.15555555555555556
5 0.234375 0.625 0.08125 0.13055555555555556
11 0.2453125 0.5055555555555555 0.06875 0.1388888888888889
11 0.2984375 0.46944444444444444 0.0421875 0.07777777777777778
17 0.309375 0.5666666666666667 0.04375 0.10555555555555556
11 0.4390625 0.4222222222222222 0.05 0.13055555555555556
9 0.4515625 0.5166666666666667 0.0546875 0.11666666666666667
9 0.4703125 0.5555555555555556 0.0734375 0.11388888888888889
17 0.5328125 0.5527777777777778 0.04375 0.09722222222222222
5 0.56875 0.6777777777777778 0.0859375 0.14722222222222223
17 0.68125 0.5111111111111111 0.0484375 0.044444444444444446
17 0.6546875 0.48333333333333334 0.040625 0.058333333333333334
17 0.6140625 0.475 0.0453125 0.06666666666666667
19 0.5265625 0.48055555555555557 0.0625 0.11388888888888889
11 0.5390625 0.5111111111111111 0.05 0.07222222222222222
5 0.5609375 0.6 0.08125 0.09166666666666666
5 0.60625 0.5361111111111111 0.065625 0.08888888888888889
15 0.578125 0.4722222222222222 0.0375 0.08333333333333333
19 0.490625 0.4 0.0421875 0.08055555555555556
17 0.403125 0.4222222222222222 0.025 0.06666666666666667
9 0.371875 0.4638888888888889 0.05625 0.10555555555555556
7 0.3625 0.3888888888888889 0.0390625 0.06666666666666667
19 0.38125 0.37222222222222223 0.0359375 0.06944444444444445
9 0.30625 0.38055555555555554 0.0421875 0.06944444444444445
5 0.2984375 0.42777777777777776 0.04375 0.03333333333333333
5 0.2953125 0.42777777777777776 0.040625 0.03333333333333333
5 0.3234375 0.36944444444444446 0.0328125 0.05555555555555555
9 0.328125 0.3527777777777778 0.0328125 0.04722222222222222
19 0.346875 0.3138888888888889 0.03125 0.041666666666666664
5 0.0875 0.46944444444444444 0.06875 0.08055555555555556
19 0.41875 0.31666666666666665 0.0296875 0.044444444444444446
4 0.48125 0.3 0.046875 0.08611111111111111
4 0.4734375 0.25555555555555554 0.0375 0.1
4 0.5171875 0.2833333333333333 0.0375 0.08055555555555556
0 0.5796875 0.3972222222222222 0.05 0.06666666666666667
5 0.5765625 0.46944444444444444 0.046875 0.075
15 0.6015625 0.425 0.0421875 0.03333333333333333
9 0.5453125 0.3638888888888889 0.034375 0.03611111111111111
5 0.503125 0.35833333333333334 0.0359375 0.022222222222222223
19 0.521875 0.3194444444444444 0.025 0.044444444444444446
15 0.525 0.3388888888888889 0.0265625 0.030555555555555555
5 0.234375 0.3333333333333333 0.0265625 0.027777777777777776
4 0.4203125 0.23333333333333334 0.0265625 0.041666666666666664
19 0.4296875 0.3 0.028125 0.03333333333333333
11 0.35625 0.2833333333333333 0.0234375 0.03611111111111111
11 0.39375 0.26944444444444443 0.025 0.03333333333333333
19 0.384375 0.3111111111111111 0.025 0.044444444444444446
9 0.421875 0.2722222222222222 0.0234375 0.030555555555555555
4 0.3765625 0.225 0.0234375 0.041666666666666664
5 0.0125 0.6194444444444445 0.025 0.1
10 0.146875 0.3472222222222222 0.0125 0.058333333333333334