5 0.690625 0.7777777777777778 0.6046875 0.4305555555555556
10 0.4953125 0.5972222222222222 0.1390625 0.23333333333333334
9 0.74375 0.5083333333333333 0.18125 0.17222222222222222
17 0.565625 0.5027777777777778 0.05625 0.1111111111111111
4 0.3640625 0.48333333333333334 0.0875 0.13333333333333333
4 0.2484375 0.48055555555555557 0.140625 0.24166666666666667
5 0.0890625 0.5805555555555556 0.1484375 0.1388888888888889
5 0.021875 0.5888888888888889 0.04375 0.13055555555555556
5 0.421875 0.49444444444444446 0.034375 0.05
13 0.4984375 0.48333333333333334 0.0234375 0.06111111111111111
13 0.5328125 0.49166666666666664 0.021875 0.075
13 0.6296875 0.4888888888888889 0.046875 0.07777777777777778