5 0.103125 0.5611111111111111 0.1375 0.17777777777777778
10 0.425 0.4861111111111111 0.0703125 0.16944444444444445
5 0.6484375 0.4861111111111111 0.203125 0.175
5 0.8953125 0.6277777777777778 0.203125 0.5194444444444445
4 0.3671875 0.4222222222222222 0.0953125 0.13055555555555556
13 0.465625 0.45 0.09375 0.11666666666666667
5 0.29375 0.45 0.046875 0.05277777777777778
13 0.1375 0.5 0.05625 0.14722222222222223
4 0.1203125 0.4361111111111111 0.025 0.05277777777777778
13 0.56875 0.4222222222222222 0.0375 0.08611111111111111
19 0.9203125 0.37222222222222223 0.1484375 0.2