11 0.371875 0.2972222222222222 0.0328125 0.08888888888888889
5 0.2984375 0.33055555555555555 0.028125 0.041666666666666664
17 0.103125 0.49166666666666664 0.0640625 0.09444444444444444
5 0.1875 0.36666666666666664 0.0453125 0.041666666666666664
4 0.0515625 0.8916666666666667 0.1 0.2
17 0.115625 0.4305555555555556 0.046875 0.03888888888888889
17 0.734375 0.6444444444444445 0.0828125 0.15833333333333333
17 0.68125 0.46944444444444444 0.0515625 0.09444444444444444
17 0.665625 0.4361111111111111 0.046875 0.07777777777777778
17 0.628125 0.3388888888888889 0.0296875 0.030555555555555555
17 0.6640625 0.3416666666666667 0.0296875 0.03888888888888889
17 0.628125 0.37777777777777777 0.03125 0.044444444444444446
9 0.640625 0.6472222222222223 0.134375 0.2388888888888889
9 0.5546875 0.4 0.0546875 0.07222222222222222
15 0.5375 0.3277777777777778 0.0390625 0.03611111111111111
5 0.5703125 0.55 0.0765625 0.12777777777777777
10 0.5171875 0.4861111111111111 0.0265625 0.10277777777777777
5 0.7421875 0.875 0.1515625 0.2388888888888889
5 0.7828125 0.7472222222222222 0.071875 0.15555555555555556
5 0.7703125 0.5638888888888889 0.0984375 0.14166666666666666
5 0.665625 0.5611111111111111 0.090625 0.11388888888888889
5 0.7546875 0.4583333333333333 0.065625 0.08333333333333333
15 0.7921875 0.5 0.0515625 0.08333333333333333
15 0.796875 0.41944444444444445 0.0421875 0.06111111111111111
5 0.696875 0.4027777777777778 0.0671875 0.075
5 0.5140625 0.45 0.0578125 0.08888888888888889
5 0.490625 0.4027777777777778 0.0484375 0.06944444444444445
5 0.4734375 0.36944444444444446 0.034375 0.06388888888888888
15 0.5375 0.33055555555555555 0.0375 0.03888888888888889
15 0.5890625 0.34444444444444444 0.0421875 0.05
17 0.590625 0.3138888888888889 0.025 0.027777777777777776
17 0.628125 0.31666666666666665 0.0234375 0.013888888888888888
17 0.5484375 0.3055555555555556 0.021875 0.019444444444444445
15 0.515625 0.30833333333333335 0.03125 0.03333333333333333
17 0.484375 0.3194444444444444 0.0203125 0.03611111111111111
19 0.446875 0.3138888888888889 0.03125 0.06111111111111111
4 0.4984375 0.24722222222222223 0.04375 0.04722222222222222
15 0.5203125 0.28888888888888886 0.025 0.025
11 0.4796875 0.25555555555555554 0.0265625 0.03333333333333333
5 0.346875 0.25833333333333336 0.01875 0.027777777777777776
9 0.4234375 0.2777777777777778 0.021875 0.041666666666666664
19 0.4359375 0.25277777777777777 0.01875 0.030555555555555555
5 0.4734375 0.3138888888888889 0.021875 0.03333333333333333
5 0.4984375 0.3472222222222222 0.0359375 0.044444444444444446
5 0.5234375 0.36944444444444446 0.0359375 0.05
5 0.559375 0.3611111111111111 0.0453125 0.03611111111111111
5 0.5765625 0.30277777777777776 0.028125 0.019444444444444445
4 0.44375 0.20833333333333334 0.025 0.030555555555555555
17 0.0265625 0.5972222222222222 0.053125 0.08611111111111111
9 0.921875 0.5083333333333333 0.134375 0.14444444444444443
9 0.9046875 0.6833333333333333 0.1859375 0.24166666666666667
15 0.86875 0.825 0.228125 0.3
10 0.309375 0.21666666666666667 0.00625 0.016666666666666666
17 0.3171875 0.20833333333333334 0.0078125 0.016666666666666666
17 0.3296875 0.20555555555555555 0.00625 0.013888888888888888