5 0.5791666666666667 0.515625 0.14583333333333334 0.078125
10 0.7395833333333334 0.5078125 0.05 0.0671875
5 0.41458333333333336 0.5015625 0.11041666666666666 0.0625
3 0.05416666666666667 0.484375 0.03125 0.0671875
5 0.12083333333333333 0.4859375 0.07708333333333334 0.0484375
11 0.24166666666666667 0.46875 0.08958333333333333 0.0859375
4 0.16041666666666668 0.4421875 0.06041666666666667 0.034375
4 0.9270833333333334 0.471875 0.13125 0.053125
4 0.8354166666666667 0.465625 0.07083333333333333 0.0359375
5 0.30833333333333335 0.4796875 0.041666666666666664 0.0359375
5 0.47708333333333336 0.4953125 0.04375 0.053125
5 0.17708333333333334 0.475 0.04375 0.0359375