19 0.196875 0.9083333333333333 0.1234375 0.16111111111111112
5 0.3921875 0.9194444444444444 0.234375 0.15
5 0.5390625 0.8861111111111111 0.2234375 0.2
15 0.83125 0.9388888888888889 0.2859375 0.10277777777777777
5 0.2265625 0.7333333333333333 0.1828125 0.14722222222222223
13 0.134375 0.6361111111111111 0.1140625 0.12222222222222222
13 0.2703125 0.625 0.06875 0.10277777777777777
13 0.3484375 0.6583333333333333 0.09375 0.11944444444444445
13 0.4765625 0.6722222222222223 0.090625 0.125
13 0.5015625 0.6388888888888888 0.0765625 0.11388888888888889
17 0.20625 0.42777777777777776 0.0296875 0.058333333333333334
10 0.1484375 0.46111111111111114 0.021875 0.06111111111111111
10 0.1703125 0.4166666666666667 0.0171875 0.05
5 0.328125 0.5055555555555555 0.046875 0.07777777777777778
5 0.3875 0.5083333333333333 0.0453125 0.08055555555555556
15 0.4390625 0.5055555555555555 0.0421875 0.08611111111111111
13 0.875 0.5972222222222222 0.071875 0.10555555555555556
5 0.528125 0.5361111111111111 0.053125 0.08055555555555556
5 0.5671875 0.5055555555555555 0.053125 0.08055555555555556
19 0.55625 0.4583333333333333 0.0359375 0.08055555555555556
5 0.4984375 0.49166666666666664 0.040625 0.06944444444444445
5 0.51875 0.425 0.0296875 0.04722222222222222
17 0.553125 0.4083333333333333 0.0203125 0.019444444444444445
17 0.540625 0.4 0.01875 0.03333333333333333
17 0.4828125 0.4305555555555556 0.021875 0.04722222222222222
19 0.478125 0.39166666666666666 0.025 0.058333333333333334
19 0.4609375 0.35555555555555557 0.021875 0.03611111111111111
5 0.49375 0.4583333333333333 0.0359375 0.05
5 0.5296875 0.44166666666666665 0.021875 0.044444444444444446
5 0.3375 0.4638888888888889 0.0390625 0.06111111111111111
5 0.384375 0.46111111111111114 0.040625 0.05
17 0.3765625 0.43333333333333335 0.021875 0.04722222222222222
19 0.40625 0.42777777777777776 0.0359375 0.075
9 0.4515625 0.4305555555555556 0.03125 0.05555555555555555
9 0.45 0.4722222222222222 0.0390625 0.06666666666666667
9 0.4421875 0.4111111111111111 0.028125 0.06388888888888888
11 0.4359375 0.36666666666666664 0.0234375 0.05555555555555555
17 0.4203125 0.36944444444444446 0.0125 0.03611111111111111
17 0.51875 0.39166666666666666 0.021875 0.030555555555555555
0 0.5046875 0.35833333333333334 0.0234375 0.041666666666666664
11 0.4859375 0.4083333333333333 0.025 0.03333333333333333
5 0.503125 0.3888888888888889 0.0203125 0.03333333333333333
19 0.409375 0.3388888888888889 0.015625 0.030555555555555555
7 0.4 0.3472222222222222 0.0171875 0.030555555555555555
9 0.403125 0.38333333333333336 0.0296875 0.04722222222222222
11 0.3421875 0.40555555555555556 0.034375 0.06388888888888888
5 0.36875 0.3888888888888889 0.01875 0.03333333333333333
5 0.3671875 0.36944444444444446 0.021875 0.016666666666666666
9 0.3703125 0.34444444444444444 0.0203125 0.03333333333333333
4 0.45625 0.3055555555555556 0.0203125 0.03888888888888889
4 0.475 0.29444444444444445 0.0203125 0.027777777777777776
9 0.403125 0.32222222222222224 0.0140625 0.022222222222222223
5 0.38125 0.33055555555555555 0.0171875 0.019444444444444445
18 0.4328125 0.3333333333333333 0.0203125 0.011111111111111112
19 0.4265625 0.3138888888888889 0.0125 0.011111111111111112
15 0.4765625 0.3472222222222222 0.0109375 0.019444444444444445
9 0.4765625 0.31666666666666665 0.0140625 0.022222222222222223
13 0.078125 0.5166666666666667 0.0421875 0.08333333333333333
1 0.084375 0.41388888888888886 0.0953125 0.10833333333333334
5 0.334375 0.31666666666666665 0.0171875 0.016666666666666666
9 0.3359375 0.30277777777777776 0.0171875 0.011111111111111112
11 0.396875 0.29444444444444445 0.0109375 0.013888888888888888
19 0.409375 0.30833333333333335 0.0109375 0.016666666666666666
5 0.434375 0.3055555555555556 0.009375 0.016666666666666666