11 0.5671875 0.6666666666666666 0.0921875 0.18888888888888888
4 0.3984375 0.6722222222222223 0.071875 0.09722222222222222
10 0.478125 0.6972222222222222 0.0171875 0.06944444444444445
4 0.4453125 0.6722222222222223 0.034375 0.06944444444444445
5 0.7109375 0.6833333333333333 0.05 0.03888888888888889
19 0.784375 0.6805555555555556 0.04375 0.044444444444444446
17 0.875 0.6805555555555556 0.059375 0.05277777777777778
4 0.7125 0.6611111111111111 0.034375 0.044444444444444446
5 0.6625 0.6861111111111111 0.028125 0.022222222222222223
4 0.678125 0.6722222222222223 0.01875 0.04722222222222222
11 0.61875 0.6861111111111111 0.0125 0.08888888888888889
5 0.65 0.6833333333333333 0.015625 0.025
5 0.9234375 0.8055555555555556 0.15 0.325