13 0.834375 0.7444444444444445 0.3171875 0.48055555555555557
17 0.33125 0.55 0.26875 0.37222222222222223
13 0.44375 0.6972222222222222 0.2453125 0.5916666666666667
13 0.725 0.6472222222222223 0.2046875 0.5555555555555556
13 0.575 0.5694444444444444 0.153125 0.4527777777777778
7 0.9125 0.35555555555555557 0.1328125 0.19722222222222222
13 0.1046875 0.5527777777777778 0.18125 0.26944444444444443
13 0.78125 0.40555555555555556 0.10625 0.14444444444444443
4 0.875 0.26944444444444443 0.15 0.12222222222222222
4 0.6171875 0.2722222222222222 0.0484375 0.07777777777777778
13 0.6890625 0.3388888888888889 0.046875 0.08333333333333333
11 0.278125 0.3472222222222222 0.05625 0.08888888888888889
7 0.55625 0.3 0.0359375 0.06388888888888888
11 0.1 0.36666666666666664 0.125 0.11666666666666667
13 0.25 0.3888888888888889 0.059375 0.09722222222222222