13 0.3546875 0.7 0.440625 0.5805555555555556
13 0.7078125 0.6888888888888889 0.175 0.6166666666666667
13 0.0765625 0.6638888888888889 0.153125 0.6361111111111111
13 0.4921875 0.4777777777777778 0.1375 0.20555555555555555
4 0.578125 0.40555555555555556 0.3875 0.49444444444444446
13 0.2375 0.43333333333333335 0.0921875 0.1527777777777778
13 0.8875 0.6972222222222222 0.215625 0.575
4 0.7921875 0.37222222222222223 0.0609375 0.1
4 0.9484375 0.3611111111111111 0.09375 0.125
4 0.8703125 0.37777777777777777 0.0703125 0.09722222222222222
13 0.8703125 0.41388888888888886 0.040625 0.09166666666666666
13 0.3796875 0.39444444444444443 0.1046875 0.07777777777777778