5 0.2140625 0.8305555555555556 0.15625 0.31666666666666665
11 0.559375 0.7666666666666667 0.115625 0.28055555555555556
5 0.6921875 0.7388888888888889 0.121875 0.24444444444444444
15 0.365625 0.625 0.084375 0.20833333333333334
17 0.453125 0.7111111111111111 0.071875 0.23055555555555557
5 0.446875 0.5388888888888889 0.0671875 0.14444444444444443
9 0.5078125 0.44722222222222224 0.0609375 0.14166666666666666
7 0.3875 0.4083333333333333 0.0515625 0.14444444444444443
11 0.4453125 0.36944444444444446 0.046875 0.14166666666666666
17 0.4796875 0.3388888888888889 0.0203125 0.06666666666666667
5 0.5203125 0.3527777777777778 0.0375 0.06111111111111111
17 0.5703125 0.36666666666666664 0.034375 0.08055555555555556
17 0.628125 0.4638888888888889 0.046875 0.10833333333333334
10 0.60625 0.39444444444444443 0.0234375 0.07222222222222222
10 0.6703125 0.5666666666666667 0.0359375 0.11666666666666667
17 0.8375 0.5638888888888889 0.1125 0.13333333333333333
13 0.75 0.4722222222222222 0.0625 0.11666666666666667
13 0.815625 0.4777777777777778 0.059375 0.08333333333333333
13 0.8703125 0.4861111111111111 0.0375 0.07222222222222222
5 0.11875 0.49722222222222223 0.1109375 0.125
17 0.02421875 0.5138888888888888 0.0484375 0.14444444444444443
4 0.07265625 0.3277777777777778 0.1453125 0.18888888888888888
9 0.1921875 0.375 0.075 0.1
15 0.159375 0.3416666666666667 0.08125 0.09444444444444444
17 0.1875 0.2916666666666667 0.034375 0.05555555555555555
10 0.215625 0.25277777777777777 0.0125 0.05277777777777778
15 0.25625 0.2916666666666667 0.04375 0.05277777777777778
5 0.29375 0.23333333333333334 0.0234375 0.030555555555555555
5 0.30625 0.20833333333333334 0.021875 0.027777777777777776
0 0.51875 0.24722222222222223 0.025 0.05
9 0.5203125 0.30277777777777776 0.03125 0.04722222222222222
17 0.44375 0.25833333333333336 0.01875 0.044444444444444446
17 0.4328125 0.30833333333333335 0.0265625 0.05
5 0.3953125 0.32222222222222224 0.040625 0.041666666666666664
5 0.340625 0.34444444444444444 0.04375 0.06944444444444445
9 0.3546875 0.28055555555555556 0.0359375 0.06944444444444445
19 0.409375 0.24722222222222223 0.0265625 0.05555555555555555
19 0.4609375 0.2916666666666667 0.028125 0.03333333333333333
19 0.4671875 0.24722222222222223 0.025 0.05555555555555555
5 0.5078125 0.26944444444444443 0.0328125 0.044444444444444446
5 0.378125 0.21944444444444444 0.0234375 0.030555555555555555
5 0.4109375 0.2111111111111111 0.0203125 0.027777777777777776
18 0.4359375 0.22777777777777777 0.028125 0.05555555555555555
4 0.465625 0.17777777777777778 0.025 0.05
4 0.4640625 0.14444444444444443 0.01875 0.030555555555555555
4 0.484375 0.16666666666666666 0.0203125 0.041666666666666664
5 0.4765625 0.2111111111111111 0.01875 0.019444444444444445
19 0.4859375 0.18888888888888888 0.0140625 0.022222222222222223
19 0.434375 0.18333333333333332 0.0140625 0.025
9 0.4109375 0.19166666666666668 0.0203125 0.030555555555555555
11 0.4046875 0.16111111111111112 0.0140625 0.016666666666666666
9 0.384375 0.20277777777777778 0.01875 0.025
17 0.390625 0.19722222222222222 0.0140625 0.027777777777777776
19 0.4 0.17777777777777778 0.0140625 0.022222222222222223
19 0.4171875 0.17777777777777778 0.0125 0.019444444444444445
4 0.4359375 0.1388888888888889 0.0125 0.022222222222222223
5 0.440625 0.175 0.0140625 0.016666666666666666
5 0.36875 0.1638888888888889 0.0125 0.016666666666666666
1 0.0953125 0.2388888888888889 0.0984375 0.07777777777777778
19 0.8109375 0.9361111111111111 0.190625 0.11388888888888889