13 0.1796875 0.6611111111111111 0.3359375 0.6694444444444444
13 0.5890625 0.7277777777777777 0.35625 0.5361111111111111
11 0.3703125 0.3611111111111111 0.228125 0.4083333333333333
4 0.10546875 0.275 0.2109375 0.31666666666666665
4 0.2875 0.225 0.1375 0.2361111111111111
13 0.6359375 0.36666666666666664 0.14375 0.2972222222222222
13 0.5125 0.2972222222222222 0.078125 0.15
13 0.8671875 0.6916666666666667 0.2578125 0.5944444444444444
11 0.915625 0.2972222222222222 0.1640625 0.23055555555555557
13 0.7125 0.3277777777777778 0.0796875 0.2222222222222222
4 0.503125 0.18611111111111112 0.1 0.10833333333333334