5 0.2890625 0.6111111111111112 0.084375 0.17777777777777778
5 0.384375 0.6388888888888888 0.0890625 0.19722222222222222
5 0.48125 0.7555555555555555 0.1171875 0.2638888888888889
5 0.5984375 0.7111111111111111 0.109375 0.225
15 0.628125 0.5277777777777778 0.078125 0.15833333333333333
5 0.50625 0.44722222222222224 0.053125 0.09166666666666666
5 0.3859375 0.4583333333333333 0.0609375 0.1
19 0.5671875 0.3527777777777778 0.0453125 0.08888888888888889
5 0.509375 0.38055555555555554 0.0453125 0.06666666666666667
9 0.459375 0.3472222222222222 0.0375 0.08333333333333333
19 0.4140625 0.36944444444444446 0.046875 0.09722222222222222
17 0.38125 0.3472222222222222 0.025 0.06666666666666667
11 0.3453125 0.32222222222222224 0.0390625 0.09166666666666666
5 0.325 0.4388888888888889 0.0546875 0.09444444444444444
5 0.525 0.3138888888888889 0.028125 0.04722222222222222
17 0.49375 0.3388888888888889 0.028125 0.06666666666666667
9 0.4515625 0.3111111111111111 0.0328125 0.06388888888888888
9 0.4109375 0.28055555555555556 0.03125 0.05
5 0.409375 0.3138888888888889 0.034375 0.04722222222222222
5 0.3734375 0.2833333333333333 0.025 0.041666666666666664
7 0.40625 0.2388888888888889 0.01875 0.030555555555555555
11 0.4421875 0.25833333333333336 0.021875 0.06111111111111111
19 0.46875 0.24722222222222223 0.021875 0.041666666666666664
17 0.559375 0.2972222222222222 0.0203125 0.022222222222222223
17 0.546875 0.28888888888888886 0.01875 0.03611111111111111
17 0.5265625 0.28055555555555556 0.0234375 0.03333333333333333
0 0.5109375 0.24722222222222223 0.0234375 0.03888888888888889
11 0.4921875 0.3055555555555556 0.028125 0.04722222222222222
19 0.4875 0.2833333333333333 0.034375 0.058333333333333334
4 0.4625 0.19722222222222222 0.021875 0.041666666666666664
4 0.48125 0.18888888888888888 0.0203125 0.044444444444444446
4 0.4578125 0.1638888888888889 0.0171875 0.030555555555555555
4 0.4328125 0.1638888888888889 0.0140625 0.022222222222222223
19 0.409375 0.2111111111111111 0.015625 0.022222222222222223
11 0.4015625 0.18888888888888888 0.0125 0.016666666666666666
9 0.3765625 0.24166666666666667 0.021875 0.03611111111111111
5 0.3734375 0.2611111111111111 0.021875 0.019444444444444445
5 0.36875 0.30277777777777776 0.0125 0.044444444444444446
15 0.3875 0.2222222222222222 0.0171875 0.022222222222222223
5 0.3859375 0.23055555555555557 0.015625 0.025
19 0.4328125 0.20277777777777778 0.0125 0.022222222222222223
1 0.0953125 0.3111111111111111 0.0953125 0.1111111111111111
5 0.26875 0.28055555555555556 0.0296875 0.03888888888888889
17 0.30625 0.24722222222222223 0.015625 0.03333333333333333
17 0.340625 0.20833333333333334 0.0109375 0.019444444444444445
10 0.296875 0.21388888888888888 0.00625 0.022222222222222223
10 0.3203125 0.22777777777777777 0.00625 0.025
10 0.2109375 0.30833333333333335 0.0140625 0.04722222222222222
10 0.225 0.2916666666666667 0.0125 0.044444444444444446
10 0.1953125 0.3472222222222222 0.0203125 0.06666666666666667
10 0.2390625 0.3472222222222222 0.0140625 0.06388888888888888
10 0.1625 0.34444444444444444 0.0171875 0.06388888888888888
13 0.759375 0.4583333333333333 0.059375 0.1111111111111111
13 0.81875 0.4722222222222222 0.0640625 0.11944444444444445
13 0.8703125 0.475 0.0546875 0.10277777777777777
13 0.8921875 0.5111111111111111 0.04375 0.10833333333333334
5 0.0234375 0.36666666666666664 0.0421875 0.05555555555555555
10 0.2765625 0.25 0.009375 0.030555555555555555
13 0.3421875 0.18333333333333332 0.00625 0.016666666666666666