15 0.346875 0.6916666666666667 0.171875 0.1527777777777778
19 0.6328125 0.7 0.0640625 0.09166666666666666
17 0.0609375 0.6722222222222223 0.0890625 0.18888888888888888
10 0.190625 0.6833333333333333 0.065625 0.1111111111111111
5 0.41875 0.7027777777777777 0.0484375 0.07222222222222222
17 0.4578125 0.6916666666666667 0.0203125 0.05555555555555555
5 0.5140625 0.7027777777777777 0.0328125 0.044444444444444446
10 0.5546875 0.7027777777777777 0.0140625 0.05555555555555555
9 0.5765625 0.6944444444444444 0.0296875 0.06111111111111111
17 0.4828125 0.6861111111111111 0.0109375 0.025
11 0.715625 0.7055555555555556 0.075 0.09722222222222222
4 0.7921875 0.6638888888888889 0.1234375 0.09722222222222222
9 0.85625 0.6972222222222222 0.046875 0.03611111111111111
5 0.9109375 0.7527777777777778 0.1734375 0.175
10 0.59375 0.7277777777777777 0.0359375 0.12222222222222222