13 0.85 0.7166666666666667 0.29375 0.5472222222222223
13 0.146875 0.7027777777777777 0.2921875 0.5666666666666667
4 0.2078125 0.33611111111111114 0.4140625 0.5527777777777778
4 0.440625 0.2611111111111111 0.1625 0.2361111111111111
11 0.7125 0.4861111111111111 0.228125 0.425
13 0.925 0.39444444444444443 0.140625 0.2
13 0.5453125 0.33055555555555555 0.0671875 0.08611111111111111
13 0.6140625 0.3527777777777778 0.046875 0.1388888888888889
4 0.5484375 0.2388888888888889 0.0453125 0.075
13 0.8203125 0.3388888888888889 0.065625 0.1361111111111111
13 0.5796875 0.31666666666666665 0.03125 0.06944444444444445