5 0.1515625 0.7916666666666666 0.3015625 0.3194444444444444
15 0.8859375 0.7305555555555555 0.1953125 0.19166666666666668
5 0.7171875 0.7138888888888889 0.0828125 0.08888888888888889
9 0.5359375 0.7166666666666667 0.096875 0.18888888888888888
17 0.4078125 0.6972222222222222 0.040625 0.08333333333333333
19 0.6015625 0.6972222222222222 0.059375 0.09444444444444444
11 0.6390625 0.6916666666666667 0.0234375 0.06111111111111111
18 0.88125 0.6305555555555555 0.18125 0.125
18 0.7 0.6611111111111111 0.0375 0.025
10 0.3453125 0.7 0.025 0.06944444444444445
10 0.3671875 0.7083333333333334 0.0234375 0.08055555555555556
15 0.44375 0.6833333333333333 0.0171875 0.03888888888888889
5 0.48125 0.6944444444444444 0.01875 0.03888888888888889