18 0.1234375 0.6722222222222223 0.246875 0.5694444444444444
17 0.8078125 0.775 0.184375 0.28888888888888886
4 0.7109375 0.6666666666666666 0.1421875 0.2
19 0.553125 0.7027777777777777 0.059375 0.08611111111111111
5 0.325 0.7333333333333333 0.128125 0.14444444444444443
4 0.346875 0.65 0.128125 0.17777777777777778
15 0.4296875 0.6916666666666667 0.040625 0.06111111111111111
15 0.4859375 0.6972222222222222 0.04375 0.07777777777777778
15 0.515625 0.6944444444444444 0.0234375 0.06111111111111111
15 0.596875 0.6916666666666667 0.0203125 0.030555555555555555
17 0.45 0.6833333333333333 0.0125 0.03888888888888889
9 0.959375 0.6722222222222223 0.0765625 0.06944444444444445