13 0.4015625 0.6888888888888889 0.2734375 0.6166666666666667
13 0.7953125 0.7222222222222222 0.325 0.5472222222222223
5 0.2421875 0.3861111111111111 0.2 0.18888888888888888
5 0.9234375 0.4888888888888889 0.15 0.325
17 0.80625 0.3111111111111111 0.0609375 0.1527777777777778
5 0.3453125 0.29444444444444445 0.084375 0.05277777777777778
9 0.19375 0.2638888888888889 0.134375 0.07777777777777778
9 0.271875 0.24444444444444444 0.1515625 0.06111111111111111
19 0.334375 0.2388888888888889 0.11875 0.06666666666666667
4 0.5609375 0.175 0.0984375 0.08611111111111111
13 0.7 0.3055555555555556 0.0625 0.1527777777777778
10 0.8734375 0.33611111111111114 0.0515625 0.14444444444444443
9 0.946875 0.275 0.0953125 0.09444444444444444
14 0.7734375 0.32222222222222224 0.05 0.15833333333333333