18 0.48125 0.675 0.1078125 0.29444444444444445
5 0.6546875 0.7777777777777778 0.1203125 0.25277777777777777
5 0.6828125 0.5916666666666667 0.0796875 0.13333333333333333
5 0.3484375 0.7361111111111112 0.096875 0.2111111111111111
5 0.1703125 0.6472222222222223 0.121875 0.12777777777777777
5 0.2421875 0.5111111111111111 0.0828125 0.09166666666666666
5 0.215625 0.4666666666666667 0.0703125 0.075
5 0.290625 0.43333333333333335 0.053125 0.06666666666666667
5 0.2578125 0.3888888888888889 0.05 0.05555555555555555
5 0.3015625 0.38333333333333336 0.040625 0.05
5 0.3890625 0.5694444444444444 0.071875 0.11944444444444445
5 0.3078125 0.32222222222222224 0.025 0.03611111111111111
5 0.353125 0.3472222222222222 0.0203125 0.041666666666666664
5 0.3125 0.3472222222222222 0.0171875 0.03333333333333333
5 0.346875 0.29444444444444445 0.0234375 0.03333333333333333
15 0.4171875 0.4222222222222222 0.0421875 0.08055555555555556
9 0.434375 0.4666666666666667 0.05 0.11666666666666667
15 0.0984375 0.5722222222222222 0.11875 0.11944444444444445
10 0.1328125 0.46944444444444444 0.0328125 0.075
10 0.1765625 0.43333333333333335 0.0265625 0.075
10 0.2140625 0.3972222222222222 0.0234375 0.05
1 0.1875 0.35833333333333334 0.090625 0.10833333333333334
5 0.5765625 0.34444444444444444 0.0328125 0.05277777777777778
5 0.5421875 0.44166666666666665 0.04375 0.08333333333333333
5 0.48125 0.39444444444444443 0.0390625 0.06666666666666667
5 0.578125 0.3 0.025 0.03611111111111111
19 0.44375 0.2972222222222222 0.0234375 0.04722222222222222
19 0.4859375 0.3472222222222222 0.034375 0.06388888888888888
5 0.60625 0.49444444444444446 0.0625 0.10555555555555556
5 0.60625 0.4111111111111111 0.046875 0.06666666666666667
17 0.55 0.9138888888888889 0.0921875 0.15833333333333333
13 0.84375 0.4861111111111111 0.0734375 0.11944444444444445
17 0.5671875 0.5805555555555556 0.0484375 0.13055555555555556
17 0.5046875 0.5083333333333333 0.0421875 0.09722222222222222
17 0.5453125 0.49166666666666664 0.0375 0.09444444444444444
17 0.4390625 0.38055555555555554 0.028125 0.05277777777777778
17 0.4453125 0.32222222222222224 0.0203125 0.041666666666666664
17 0.5171875 0.34444444444444444 0.0203125 0.05
17 0.5546875 0.37777777777777777 0.0265625 0.06111111111111111
17 0.5421875 0.3388888888888889 0.0203125 0.05277777777777778
17 0.5109375 0.32222222222222224 0.0171875 0.044444444444444446
17 0.528125 0.3111111111111111 0.015625 0.03888888888888889
4 0.5390625 0.2611111111111111 0.0328125 0.07777777777777778
5 0.5140625 0.24722222222222223 0.0125 0.022222222222222223
9 0.478125 0.2916666666666667 0.021875 0.044444444444444446
9 0.471875 0.28055555555555556 0.01875 0.044444444444444446
9 0.5046875 0.2777777777777778 0.01875 0.03333333333333333
9 0.496875 0.26944444444444443 0.0140625 0.03333333333333333
5 0.484375 0.25833333333333336 0.0125 0.022222222222222223
5 0.459375 0.26944444444444443 0.0125 0.025
11 0.46875 0.24444444444444444 0.0140625 0.030555555555555555
4 0.50625 0.2 0.0140625 0.022222222222222223
5 0.5796875 0.275 0.021875 0.030555555555555555
15 0.621875 0.35833333333333334 0.0390625 0.06388888888888888
5 0.603125 0.32222222222222224 0.028125 0.03888888888888889
5 0.5671875 0.25833333333333336 0.0203125 0.022222222222222223
4 0.553125 0.21666666666666667 0.01875 0.027777777777777776
4 0.5328125 0.20555555555555555 0.0171875 0.041666666666666664
9 0.49375 0.21944444444444444 0.0109375 0.016666666666666666
4 0.4859375 0.19444444444444445 0.0109375 0.016666666666666666
9 0.509375 0.21944444444444444 0.0125 0.011111111111111112
17 0.0796875 0.49722222222222223 0.0671875 0.06666666666666667
10 0.0265625 0.525 0.040625 0.08333333333333333
15 0.115625 0.41388888888888886 0.05 0.06111111111111111
9 0.371875 0.26666666666666666 0.0203125 0.027777777777777776
17 0.3640625 0.30277777777777776 0.0203125 0.03611111111111111
4 0.4234375 0.22777777777777777 0.021875 0.03611111111111111
9 0.4796875 0.21944444444444444 0.009375 0.013888888888888888
9 0.559375 0.2388888888888889 0.0109375 0.016666666666666666
5 0.4890625 0.44166666666666665 0.0390625 0.08055555555555556
10 0.2140625 0.8027777777777778 0.0609375 0.1527777777777778
10 0.1640625 0.8833333333333333 0.1265625 0.17222222222222222
10 0.83125 0.8361111111111111 0.0640625 0.21388888888888888
10 0.79375 0.675 0.046875 0.16111111111111112