5 0.646875 0.7861111111111111 0.21875 0.21388888888888888
17 0.459375 0.5333333333333333 0.046875 0.11944444444444445
10 0.415625 0.43333333333333335 0.0265625 0.06666666666666667
10 0.2140625 0.7055555555555556 0.0546875 0.1527777777777778
10 0.1484375 0.55 0.059375 0.09166666666666666
10 0.0328125 0.8694444444444445 0.0625 0.14166666666666666
10 0.4625 0.39444444444444443 0.01875 0.06388888888888888
5 0.6078125 0.41944444444444445 0.0453125 0.075
5 0.6703125 0.4305555555555556 0.04375 0.08333333333333333
5 0.825 0.4638888888888889 0.059375 0.09166666666666666
5 0.815625 0.3388888888888889 0.0359375 0.04722222222222222
5 0.828125 0.35833333333333334 0.0265625 0.04722222222222222
17 0.496875 0.34444444444444444 0.0234375 0.05
5 0.61875 0.38333333333333336 0.040625 0.06111111111111111
11 0.6234375 0.33055555555555555 0.0359375 0.075
17 0.6578125 0.35555555555555557 0.0234375 0.05277777777777778
19 0.690625 0.35 0.0390625 0.08333333333333333
15 0.725 0.43333333333333335 0.0484375 0.10277777777777777
15 0.340625 0.38333333333333336 0.0453125 0.05277777777777778
1 0.4046875 0.3388888888888889 0.078125 0.1
15 0.8703125 0.4305555555555556 0.0625 0.09722222222222222
13 0.96875 0.5027777777777778 0.053125 0.12222222222222222
5 0.790625 0.4166666666666667 0.0484375 0.08333333333333333
15 0.7375 0.3888888888888889 0.046875 0.06944444444444445
5 0.7875 0.36666666666666664 0.0421875 0.03888888888888889
19 0.7703125 0.3055555555555556 0.028125 0.05555555555555555
19 0.73125 0.33055555555555555 0.034375 0.07222222222222222
7 0.6859375 0.26666666666666666 0.01875 0.041666666666666664
4 0.7453125 0.18055555555555555 0.0203125 0.025
19 0.7515625 0.26944444444444443 0.0234375 0.044444444444444446
19 0.6890625 0.2361111111111111 0.015625 0.022222222222222223
19 0.6953125 0.25555555555555554 0.01875 0.03333333333333333
11 0.6828125 0.21388888888888888 0.0125 0.016666666666666666
9 0.65625 0.2638888888888889 0.021875 0.03611111111111111
5 0.65 0.3055555555555556 0.01875 0.027777777777777776
5 0.653125 0.2916666666666667 0.021875 0.025
19 0.7140625 0.225 0.015625 0.019444444444444445
11 0.725 0.28055555555555556 0.028125 0.06111111111111111
17 0.7046875 0.2861111111111111 0.0125 0.044444444444444446
4 0.7484375 0.21944444444444444 0.025 0.044444444444444446
4 0.76875 0.20555555555555555 0.021875 0.041666666666666664
0 0.8015625 0.2638888888888889 0.0296875 0.041666666666666664
9 0.8140625 0.28055555555555556 0.021875 0.022222222222222223
5 0.7984375 0.30277777777777776 0.025 0.041666666666666664
19 0.696875 0.2222222222222222 0.0125 0.016666666666666666
9 0.6671875 0.24722222222222223 0.0171875 0.022222222222222223
9 0.6765625 0.22777777777777777 0.015625 0.022222222222222223
9 0.721875 0.21666666666666667 0.0109375 0.016666666666666666
17 0.8421875 0.3111111111111111 0.021875 0.03888888888888889
17 0.8578125 0.32222222222222224 0.0265625 0.025
13 0.6078125 0.225 0.00625 0.016666666666666666
5 0.6546875 0.19166666666666668 0.0078125 0.019444444444444445
19 0.8609375 0.3611111111111111 0.0421875 0.06111111111111111
17 0.7734375 0.3388888888888889 0.0234375 0.03611111111111111
9 0.7390625 0.34444444444444444 0.0390625 0.044444444444444446