5 0.1390625 0.8222222222222222 0.2765625 0.3333333333333333
8 0.759375 0.7194444444444444 0.1953125 0.2722222222222222
10 0.2703125 0.7 0.0390625 0.1527777777777778
5 0.109375 0.6722222222222223 0.1453125 0.08611111111111111
13 0.4734375 0.6888888888888889 0.084375 0.11666666666666667
13 0.315625 0.65 0.021875 0.04722222222222222
9 0.4171875 0.6388888888888888 0.01875 0.030555555555555555
4 0.4453125 0.6333333333333333 0.0375 0.06111111111111111
13 0.3921875 0.6472222222222223 0.015625 0.04722222222222222
5 0.5875 0.6944444444444444 0.0546875 0.08333333333333333
16 0.6296875 0.6861111111111111 0.040625 0.07222222222222222
13 0.50625 0.6555555555555556 0.01875 0.06111111111111111
13 0.5390625 0.675 0.03125 0.08055555555555556
5 0.546875 0.6666666666666666 0.0265625 0.05277777777777778
9 0.584375 0.6583333333333333 0.0359375 0.03888888888888889
5 0.9515625 0.775 0.0921875 0.1361111111111111
17 0.8625 0.7166666666666667 0.0453125 0.08888888888888889