13 0.2140625 0.6777777777777778 0.3921875 0.6333333333333333
11 0.125 0.44722222222222224 0.2453125 0.55
13 0.5765625 0.43333333333333335 0.1578125 0.3861111111111111
13 0.378125 0.3277777777777778 0.096875 0.23055555555555557
13 0.5046875 0.35555555555555557 0.1125 0.30833333333333335
13 0.45 0.23055555555555557 0.05625 0.15833333333333333
4 0.9296875 0.23333333333333334 0.134375 0.4666666666666667
18 0.2921875 0.19722222222222222 0.146875 0.21944444444444444
4 0.465625 0.11666666666666667 0.078125 0.08333333333333333
13 0.7625 0.275 0.1046875 0.2222222222222222
13 0.6265625 0.18333333333333332 0.0421875 0.08055555555555556
11 0.1515625 0.19166666666666668 0.1578125 0.18611111111111112
13 0.6734375 0.1527777777777778 0.01875 0.05
13 0.559375 0.1527777777777778 0.034375 0.06111111111111111