19 0.4125 0.6833333333333333 0.171875 0.4388888888888889
5 0.659375 0.7333333333333333 0.1703125 0.325
19 0.7109375 0.33611111111111114 0.10625 0.20833333333333334
9 0.490625 0.38055555555555554 0.0953125 0.20277777777777778
9 0.471875 0.2361111111111111 0.0796875 0.15833333333333333
15 0.375 0.17777777777777778 0.0734375 0.13333333333333333
15 0.525 0.11666666666666667 0.0578125 0.09722222222222222
19 0.4921875 0.041666666666666664 0.0390625 0.08333333333333333
0 0.5703125 0.03333333333333333 0.0453125 0.06388888888888888
17 0.5984375 0.11388888888888889 0.05 0.08333333333333333
5 0.675 0.25277777777777777 0.078125 0.11944444444444445
5 0.603125 0.18888888888888888 0.0625 0.1
17 0.6765625 0.17222222222222222 0.0484375 0.07777777777777778
17 0.6375 0.13055555555555556 0.0375 0.08888888888888889
17 0.5828125 0.35555555555555557 0.0671875 0.16944444444444445
17 0.3265625 0.38333333333333336 0.0640625 0.17777777777777778
11 0.2265625 0.2916666666666667 0.0921875 0.24166666666666667
5 0.2875 0.2 0.0609375 0.10833333333333334
5 0.3140625 0.13055555555555556 0.053125 0.08055555555555556
5 0.38125 0.1111111111111111 0.046875 0.05277777777777778
5 0.459375 0.1361111111111111 0.0546875 0.08888888888888889
5 0.528125 0.19166666666666668 0.059375 0.10555555555555556
5 0.04375 0.2222222222222222 0.0859375 0.10833333333333334
10 0.1296875 0.03888888888888889 0.0203125 0.06388888888888888
10 0.1796875 0.03333333333333333 0.0171875 0.06111111111111111
10 0.2125 0.022222222222222223 0.015625 0.03888888888888889
5 0.31875 0.08333333333333333 0.046875 0.06388888888888888
5 0.3234375 0.05277777777777778 0.0421875 0.05277777777777778
19 0.3296875 0.03333333333333333 0.040625 0.06666666666666667
7 0.378125 0.05277777777777778 0.0359375 0.08611111111111111
17 0.4140625 0.06111111111111111 0.0234375 0.06944444444444445
5 0.09296875 0.9444444444444444 0.1859375 0.10555555555555556
5 0.6296875 0.9555555555555556 0.171875 0.07777777777777778
13 0.978125 0.41388888888888886 0.034375 0.18888888888888888
5 0.5734375 0.1 0.0359375 0.06944444444444445
10 0.5515625 0.08333333333333333 0.0125 0.075
9 0.5921875 0.06111111111111111 0.0390625 0.03888888888888889
9 0.5203125 0.027777777777777776 0.0234375 0.044444444444444446
11 0.4453125 0.07222222222222222 0.04375 0.11944444444444445
5 0.3578125 0.05 0.009375 0.058333333333333334