15 0.5395833333333333 0.43125 0.1625 0.078125
5 0.36666666666666664 0.4171875 0.12708333333333333 0.065625
10 0.6770833333333334 0.4234375 0.041666666666666664 0.065625
3 0.014583333333333334 0.3953125 0.020833333333333332 0.0609375
5 0.06458333333333334 0.39375 0.07291666666666667 0.05
11 0.18333333333333332 0.3796875 0.08541666666666667 0.0875
5 0.2916666666666667 0.4046875 0.09375 0.053125
5 0.6083333333333333 0.425 0.08958333333333333 0.06875
5 0.4479166666666667 0.4125 0.075 0.0546875
4 0.9333333333333333 0.3875 0.12708333333333333 0.0625
5 0.12708333333333333 0.3890625 0.03125 0.04375
4 0.11458333333333333 0.35625 0.052083333333333336 0.046875
5 0.26458333333333334 0.39375 0.05416666666666667 0.040625