5 0.515625 0.7638888888888888 0.965625 0.4527777777777778
5 0.871875 0.5833333333333334 0.2515625 0.35555555555555557
17 0.7546875 0.42777777777777776 0.0515625 0.10277777777777777
4 0.1921875 0.4861111111111111 0.2203125 0.225
5 0.046875 0.5472222222222223 0.0921875 0.09166666666666666
13 0.4171875 0.5 0.090625 0.13055555555555556
13 0.3265625 0.49722222222222223 0.059375 0.09166666666666666
13 0.446875 0.4777777777777778 0.0921875 0.08888888888888889
10 0.5734375 0.4583333333333333 0.0375 0.08888888888888889
13 0.603125 0.4388888888888889 0.0265625 0.07777777777777778
5 0.8921875 0.3861111111111111 0.034375 0.05
13 0.95625 0.4 0.071875 0.10555555555555556