13 0.828125 0.8083333333333333 0.3328125 0.3611111111111111
13 0.40625 0.5972222222222222 0.10625 0.3194444444444444
13 0.1375 0.6416666666666667 0.26875 0.4444444444444444
13 0.2 0.5944444444444444 0.225 0.3333333333333333
13 0.2515625 0.5361111111111111 0.190625 0.25
11 0.6109375 0.5777777777777777 0.1328125 0.3055555555555556
4 0.2625 0.39444444444444443 0.203125 0.2111111111111111
13 0.49375 0.4583333333333333 0.03125 0.11388888888888889
4 0.3875 0.36944444444444446 0.040625 0.08333333333333333
13 0.5421875 0.4888888888888889 0.0484375 0.15833333333333333
13 0.421875 0.4305555555555556 0.0359375 0.04722222222222222
13 0.4640625 0.4388888888888889 0.028125 0.07777777777777778
13 0.9484375 0.5027777777777778 0.09375 0.12222222222222222
19 0.5921875 0.4111111111111111 0.0484375 0.05277777777777778