13 0.603125 0.5222222222222223 0.06875 0.16666666666666666
13 0.646875 0.5111111111111111 0.0375 0.16111111111111112
13 0.7 0.5222222222222223 0.0765625 0.2
13 0.865625 0.5444444444444444 0.2 0.24722222222222223
13 0.9234375 0.5333333333333333 0.1484375 0.25833333333333336
5 0.4921875 0.4722222222222222 0.03125 0.04722222222222222
17 0.6109375 0.44166666666666665 0.01875 0.03611111111111111
13 0.5578125 0.45 0.0140625 0.03888888888888889
13 0.16875 0.5361111111111111 0.084375 0.12222222222222222
17 0.0296875 0.5916666666666667 0.05625 0.18333333333333332
13 0.06875 0.5444444444444444 0.0625 0.1