5 0.315625 0.8444444444444444 0.371875 0.30833333333333335
17 0.8734375 0.7083333333333334 0.109375 0.16944444444444445
17 0.68125 0.6722222222222223 0.0484375 0.09166666666666666
17 0.63125 0.6555555555555556 0.0359375 0.075
16 0.4515625 0.6861111111111111 0.078125 0.09722222222222222
9 0.49375 0.6694444444444444 0.0671875 0.1
5 0.065625 0.7583333333333333 0.128125 0.14722222222222223
13 0.165625 0.7027777777777777 0.1109375 0.125
5 0.334375 0.725 0.1890625 0.1361111111111111
5 0.384375 0.6944444444444444 0.0921875 0.08888888888888889
9 0.28125 0.6444444444444445 0.0234375 0.030555555555555555
13 0.28125 0.65 0.0140625 0.03333333333333333
13 0.359375 0.6416666666666667 0.0234375 0.030555555555555555
16 0.4046875 0.6416666666666667 0.0296875 0.027777777777777776
5 0.3953125 0.65 0.04375 0.019444444444444445
15 0.4515625 0.6388888888888888 0.03125 0.025
13 0.7953125 0.6833333333333333 0.0453125 0.1
13 0.9421875 0.75 0.103125 0.29444444444444445