13 0.284375 0.625 0.425 0.7333333333333333
13 0.659375 0.6055555555555555 0.246875 0.7666666666666667
13 0.8859375 0.6222222222222222 0.2125 0.7361111111111112
4 0.8125 0.26944444444444443 0.1484375 0.2833333333333333
4 0.5984375 0.18611111111111112 0.1578125 0.15555555555555556
4 0.725 0.21944444444444444 0.0296875 0.1111111111111111
13 0.578125 0.4361111111111111 0.0734375 0.3638888888888889
13 0.4625 0.44722222222222224 0.11875 0.4083333333333333
13 0.5234375 0.38333333333333336 0.0578125 0.2861111111111111
4 0.9640625 0.21388888888888888 0.0625 0.14166666666666666
13 0.1390625 0.3416666666666667 0.084375 0.16666666666666666
13 0.8890625 0.6277777777777778 0.215625 0.7222222222222222
13 0.0296875 0.3638888888888889 0.05625 0.2222222222222222