13 0.184375 0.6166666666666667 0.3390625 0.7416666666666667
13 0.6296875 0.5861111111111111 0.2984375 0.7972222222222223
13 0.3703125 0.24166666666666667 0.096875 0.26666666666666666
13 0.5125 0.325 0.13125 0.425
11 0.15 0.2833333333333333 0.29375 0.49444444444444446
11 0.4640625 0.15555555555555556 0.1109375 0.23055555555555557
11 0.8640625 0.4861111111111111 0.2640625 0.9722222222222222
4 0.16640625 0.04027777777777778 0.2546875 0.08055555555555556
4 0.3265625 0.08611111111111111 0.06875 0.1527777777777778
4 0.45390625 0.05416666666666667 0.1890625 0.10833333333333334
13 0.6140625 0.10277777777777777 0.0328125 0.08611111111111111
5 0.65625 0.20277777777777778 0.1640625 0.13333333333333333