4 0.1328125 0.5694444444444444 0.265625 0.6333333333333333
9 0.615625 0.7222222222222222 0.1171875 0.17222222222222222
10 0.290625 0.6888888888888889 0.015625 0.05555555555555555
4 0.35 0.6694444444444444 0.0609375 0.07777777777777778
4 0.4171875 0.6722222222222223 0.059375 0.1
11 0.496875 0.6972222222222222 0.03125 0.06944444444444445
11 0.53125 0.6805555555555556 0.0375 0.07777777777777778
15 0.471875 0.6972222222222222 0.025 0.058333333333333334
17 0.678125 0.6972222222222222 0.025 0.03611111111111111
5 0.775 0.7138888888888889 0.115625 0.06666666666666667
4 0.9703125 0.6583333333333333 0.05625 0.18333333333333332