5 0.1546875 0.925 0.290625 0.1388888888888889
5 0.4953125 0.9277777777777778 0.2578125 0.1361111111111111
11 0.515625 0.8222222222222222 0.2 0.18611111111111112
9 0.7359375 0.6944444444444444 0.1609375 0.2
5 0.8703125 0.7333333333333333 0.15 0.17777777777777778
11 0.7375 0.9055555555555556 0.1953125 0.175
5 0.9015625 0.5916666666666667 0.1125 0.1111111111111111
13 0.9515625 0.8333333333333334 0.0828125 0.24722222222222223
13 0.965625 0.9222222222222223 0.05625 0.13333333333333333
15 0.9765625 0.5166666666666667 0.040625 0.09722222222222222
10 0.1265625 0.7638888888888888 0.090625 0.11944444444444445
13 0.465625 0.5694444444444444 0.06875 0.13055555555555556
15 0.434375 0.4444444444444444 0.075 0.08333333333333333
10 0.4921875 0.5416666666666666 0.0171875 0.05
9 0.55625 0.45 0.065625 0.06111111111111111
14 0.571875 0.5138888888888888 0.034375 0.041666666666666664
5 0.01796875 0.5777777777777777 0.0359375 0.1
17 0.015625 0.5055555555555555 0.0296875 0.06111111111111111