5 0.5916666666666667 0.45625 0.15416666666666667 0.08125
10 0.7541666666666667 0.4484375 0.05625 0.0734375
5 0.42291666666666666 0.4421875 0.1125 0.0609375
5 0.12708333333333333 0.425 0.08333333333333333 0.0515625
11 0.25 0.40625 0.09166666666666666 0.0875
4 0.16875 0.3796875 0.0625 0.0375
3 0.06041666666666667 0.4234375 0.029166666666666667 0.0625
5 0.3645833333333333 0.4328125 0.07916666666666666 0.0515625
5 0.31875 0.41875 0.04791666666666667 0.0359375
5 0.4791666666666667 0.434375 0.06041666666666667 0.05
4 0.9333333333333333 0.4078125 0.13125 0.04375
4 0.8416666666666667 0.40625 0.0625 0.0359375
5 0.18541666666666667 0.415625 0.04583333333333333 0.0375
9 0.39375 0.4015625 0.04791666666666667 0.0171875
9 0.33958333333333335 0.4015625 0.05625 0.0171875