17 0.834375 0.8722222222222222 0.1390625 0.24444444444444444
5 0.6953125 0.8666666666666667 0.1609375 0.2611111111111111
7 0.3859375 0.7 0.096875 0.3277777777777778
9 0.5421875 0.6805555555555556 0.1 0.3111111111111111
5 0.6265625 0.6 0.0859375 0.15555555555555556
17 0.7015625 0.5555555555555556 0.0671875 0.15833333333333333
10 0.7484375 0.6638888888888889 0.0453125 0.16111111111111112
13 0.846875 0.4888888888888889 0.0625 0.12222222222222222
13 0.7734375 0.45555555555555555 0.053125 0.09166666666666666
13 0.9015625 0.5 0.04375 0.11944444444444445
5 0.2640625 0.7361111111111112 0.128125 0.24166666666666667
5 0.20625 0.9527777777777777 0.1453125 0.08055555555555556
5 0.484375 0.925 0.1234375 0.14166666666666666
11 0.434375 0.5333333333333333 0.06875 0.23055555555555557
11 0.45 0.2638888888888889 0.0328125 0.06111111111111111
11 0.425 0.17777777777777778 0.0125 0.022222222222222223
19 0.509375 0.3111111111111111 0.0359375 0.07222222222222222
19 0.4359375 0.3333333333333333 0.0375 0.08888888888888889
19 0.41875 0.25555555555555554 0.0265625 0.05555555555555555
19 0.4328125 0.20555555555555555 0.015625 0.030555555555555555
9 0.528125 0.2361111111111111 0.0234375 0.030555555555555555
19 0.3546875 0.38333333333333336 0.0515625 0.10833333333333334
5 0.3671875 0.33611111111111114 0.0390625 0.06111111111111111
5 0.3875 0.2833333333333333 0.03125 0.05
15 0.396875 0.2361111111111111 0.01875 0.03611111111111111
17 0.4125 0.20277777777777778 0.0109375 0.027777777777777776
17 0.40625 0.2222222222222222 0.0140625 0.027777777777777776
19 0.41875 0.19444444444444445 0.0140625 0.027777777777777776
4 0.4828125 0.1527777777777778 0.0171875 0.03333333333333333
5 0.553125 0.36666666666666664 0.0390625 0.075
5 0.496875 0.38333333333333336 0.0390625 0.06666666666666667
17 0.4734375 0.33055555555555555 0.025 0.06388888888888888
17 0.4640625 0.41944444444444445 0.03125 0.06944444444444445
17 0.5109375 0.475 0.0390625 0.10833333333333334
5 0.58125 0.3333333333333333 0.0453125 0.05555555555555555
0 0.553125 0.28055555555555556 0.034375 0.06111111111111111
17 0.5171875 0.275 0.0171875 0.041666666666666664
17 0.4796875 0.2611111111111111 0.015625 0.03888888888888889
17 0.4484375 0.225 0.0125 0.016666666666666666
17 0.4640625 0.23333333333333334 0.0125 0.022222222222222223
17 0.4765625 0.2388888888888889 0.0125 0.016666666666666666
17 0.453125 0.2111111111111111 0.0109375 0.016666666666666666
17 0.4671875 0.20555555555555555 0.0109375 0.019444444444444445
17 0.203125 0.3333333333333333 0.0359375 0.06388888888888888
17 0.1546875 0.33055555555555555 0.0359375 0.058333333333333334
17 0.2859375 0.24444444444444444 0.01875 0.044444444444444446
17 0.021875 0.5166666666666667 0.0421875 0.08888888888888889
5 0.059375 0.625 0.11875 0.16111111111111112
5 0.1609375 0.4638888888888889 0.103125 0.09722222222222222
5 0.140625 0.39166666666666666 0.084375 0.075
9 0.0546875 0.3972222222222222 0.1 0.10555555555555556
10 0.2296875 0.35 0.01875 0.06666666666666667
5 0.2734375 0.33055555555555555 0.0484375 0.05555555555555555
15 0.24375 0.30277777777777776 0.0390625 0.05277777777777778
15 0.2953125 0.2833333333333333 0.0234375 0.05555555555555555
15 0.3203125 0.24166666666666667 0.021875 0.025
4 0.225 0.25277777777777777 0.075 0.08888888888888889
10 0.3109375 0.21388888888888888 0.00625 0.027777777777777776
15 0.0453125 0.325 0.0546875 0.05
1 0.1234375 0.2777777777777778 0.0953125 0.10555555555555556
15 0.034375 0.475 0.0671875 0.07222222222222222
5 0.31875 0.5305555555555556 0.0828125 0.13055555555555556
5 0.43125 0.225 0.0171875 0.022222222222222223
5 0.5 0.2222222222222222 0.015625 0.027777777777777776
5 0.4875 0.23333333333333334 0.0171875 0.027777777777777776
5 0.4703125 0.2222222222222222 0.015625 0.019444444444444445
4 0.4875 0.18888888888888888 0.0203125 0.044444444444444446
5 0.5296875 0.25555555555555554 0.01875 0.030555555555555555
5 0.5 0.2611111111111111 0.0234375 0.03611111111111111
9 0.50625 0.19722222222222222 0.015625 0.025
9 0.4625 0.18333333333333332 0.009375 0.016666666666666666
4 0.5046875 0.16944444444444445 0.0203125 0.030555555555555555
5 0.51875 0.2222222222222222 0.01875 0.025
5 0.5125 0.20833333333333334 0.015625 0.013888888888888888
19 0.4390625 0.18611111111111112 0.0109375 0.019444444444444445
9 0.44375 0.16944444444444445 0.0109375 0.016666666666666666
15 0.4578125 0.16944444444444445 0.0109375 0.013888888888888888
15 0.375 0.17777777777777778 0.0125 0.016666666666666666
4 0.4359375 0.14444444444444443 0.0125 0.022222222222222223