0 0.765625 0.5583333333333333 0.13125 0.16666666666666666
19 0.7296875 0.7972222222222223 0.1484375 0.3138888888888889
5 0.628125 0.9222222222222223 0.1140625 0.14166666666666666
10 0.409375 0.7888888888888889 0.05625 0.1638888888888889
19 0.509375 0.7944444444444444 0.1 0.3
19 0.3078125 0.8777777777777778 0.146875 0.23333333333333334
9 0.4921875 0.3611111111111111 0.0265625 0.05
19 0.459375 0.4583333333333333 0.0375 0.08611111111111111
19 0.4671875 0.3277777777777778 0.01875 0.03888888888888889
17 0.6078125 0.7416666666666667 0.0671875 0.175
17 0.6703125 0.5972222222222222 0.05625 0.10833333333333334
17 0.578125 0.5805555555555556 0.0421875 0.11666666666666667
17 0.5546875 0.4638888888888889 0.0265625 0.07222222222222222
5 0.6 0.5083333333333333 0.0484375 0.08611111111111111
5 0.6453125 0.4722222222222222 0.046875 0.07222222222222222
5 0.58125 0.3972222222222222 0.03125 0.05
5 0.584375 0.44166666666666665 0.0359375 0.06111111111111111
5 0.5328125 0.4083333333333333 0.0328125 0.044444444444444446
5 0.4953125 0.4166666666666667 0.0296875 0.05
15 0.440625 0.43333333333333335 0.034375 0.06388888888888888
5 0.4265625 0.5222222222222223 0.053125 0.09166666666666666
5 0.390625 0.6527777777777778 0.075 0.14444444444444443
5 0.209375 0.6583333333333333 0.1015625 0.12222222222222222
5 0.16875 0.6138888888888889 0.0875 0.10833333333333334
5 0.2375 0.5166666666666667 0.071875 0.075
5 0.221875 0.4888888888888889 0.0625 0.07222222222222222
5 0.2765625 0.42777777777777776 0.0484375 0.05277777777777778
5 0.478125 0.39166666666666666 0.0265625 0.04722222222222222
5 0.5703125 0.3472222222222222 0.01875 0.027777777777777776
17 0.5 0.44166666666666665 0.025 0.04722222222222222
17 0.5296875 0.4388888888888889 0.0234375 0.05
17 0.5203125 0.35833333333333334 0.015625 0.041666666666666664
17 0.546875 0.36666666666666664 0.0203125 0.041666666666666664
17 0.540625 0.35 0.015625 0.03611111111111111
17 0.5125 0.33055555555555555 0.0125 0.030555555555555555
17 0.4671875 0.34444444444444444 0.0140625 0.03333333333333333
17 0.5296875 0.33611111111111114 0.0125 0.03333333333333333
17 0.49375 0.3333333333333333 0.015625 0.013888888888888888
17 0.515625 0.3472222222222222 0.0140625 0.03333333333333333
17 0.284375 0.45 0.03125 0.06111111111111111
17 0.3171875 0.4222222222222222 0.028125 0.05277777777777778
17 0.359375 0.41944444444444445 0.0234375 0.05277777777777778
17 0.1453125 0.5138888888888888 0.05625 0.07222222222222222
10 0.190625 0.9083333333333333 0.078125 0.175
1 0.2015625 0.4166666666666667 0.084375 0.10833333333333334
5 0.3375 0.4583333333333333 0.046875 0.058333333333333334
15 0.290625 0.525 0.065625 0.07777777777777778
5 0.0796875 0.8833333333333333 0.15625 0.21944444444444444
5 0.065625 0.6333333333333333 0.1109375 0.11666666666666667
5 0.3234375 0.38333333333333336 0.01875 0.025
5 0.3671875 0.36666666666666664 0.028125 0.03333333333333333
5 0.3765625 0.3888888888888889 0.025 0.03611111111111111
5 0.390625 0.3472222222222222 0.021875 0.027777777777777776
4 0.4109375 0.30833333333333335 0.0328125 0.04722222222222222
17 0.3828125 0.33055555555555555 0.0140625 0.027777777777777776
9 0.3453125 0.35555555555555557 0.028125 0.041666666666666664
10 0.3140625 0.3472222222222222 0.0140625 0.030555555555555555
5 0.4546875 0.28055555555555556 0.0109375 0.016666666666666666
10 0.4421875 0.2861111111111111 0.00625 0.011111111111111112
5 0.465625 0.2722222222222222 0.0078125 0.011111111111111112
11 0.4859375 0.29444444444444445 0.0125 0.022222222222222223
19 0.4859375 0.3194444444444444 0.015625 0.030555555555555555
5 0.5015625 0.3111111111111111 0.0140625 0.022222222222222223
19 0.5265625 0.2972222222222222 0.0109375 0.019444444444444445
4 0.54375 0.3055555555555556 0.021875 0.058333333333333334
4 0.565625 0.28055555555555556 0.01875 0.04722222222222222
4 0.54375 0.25833333333333336 0.0171875 0.030555555555555555
15 0.13125 0.4722222222222222 0.0484375 0.06944444444444445
15 0.609375 0.36944444444444446 0.0265625 0.04722222222222222
5 0.5984375 0.3527777777777778 0.021875 0.03611111111111111
5 0.5734375 0.33055555555555555 0.0203125 0.027777777777777776
5 0.5828125 0.3194444444444444 0.021875 0.019444444444444445
19 0.56875 0.30277777777777776 0.0125 0.025
13 0.859375 0.5472222222222223 0.059375 0.1111111111111111
13 0.915625 0.5527777777777778 0.0390625 0.10555555555555556
10 0.6703125 0.5111111111111111 0.025 0.06111111111111111
10 0.7015625 0.5194444444444445 0.0203125 0.08611111111111111
5 0.9546875 0.6722222222222223 0.0890625 0.1111111111111111
18 0.50625 0.5166666666666667 0.0546875 0.11944444444444445
9 0.5046875 0.28055555555555556 0.009375 0.011111111111111112
9 0.51875 0.28055555555555556 0.009375 0.013888888888888888
4 0.51875 0.2611111111111111 0.0125 0.019444444444444445
4 0.496875 0.25555555555555554 0.009375 0.019444444444444445
9 0.49375 0.2777777777777778 0.009375 0.013888888888888888
5 0.9546875 0.675 0.0875 0.11666666666666667