17 0.2359375 0.6944444444444444 0.4671875 0.5805555555555556
13 0.46875 0.5333333333333333 0.259375 0.3611111111111111
5 0.546875 0.4527777777777778 0.1265625 0.10833333333333334
15 0.4390625 0.4222222222222222 0.04375 0.05555555555555555
11 0.5453125 0.38333333333333336 0.0796875 0.05
10 0.6640625 0.43333333333333335 0.0515625 0.12222222222222222
5 0.746875 0.42777777777777776 0.1328125 0.09166666666666666
5 0.8046875 0.42777777777777776 0.0953125 0.08055555555555556
9 0.6125 0.4083333333333333 0.1015625 0.08333333333333333
15 0.9515625 0.4361111111111111 0.0921875 0.13055555555555556
13 0.0390625 0.4722222222222222 0.0765625 0.125