17 0.075 0.65 0.0609375 0.10555555555555556
5 0.028125 0.5638888888888889 0.05625 0.044444444444444446
1 0.1046875 0.5055555555555555 0.096875 0.1111111111111111
13 0.44375 0.7138888888888889 0.0921875 0.12777777777777777
13 0.5984375 0.7944444444444444 0.10625 0.15
13 0.609375 0.7444444444444445 0.0921875 0.10555555555555556
13 0.478125 0.6416666666666667 0.0703125 0.10277777777777777
13 0.565625 0.675 0.1578125 0.10277777777777777
13 0.8046875 0.7777777777777778 0.115625 0.14166666666666666
13 0.85625 0.7416666666666667 0.103125 0.1388888888888889
13 0.796875 0.6138888888888889 0.0796875 0.09722222222222222
13 0.871875 0.6194444444444445 0.0390625 0.08888888888888889
13 0.9015625 0.6694444444444444 0.0421875 0.1111111111111111
5 0.340625 0.575 0.046875 0.075
5 0.4 0.575 0.04375 0.075
5 0.509375 0.5472222222222223 0.0421875 0.06666666666666667
5 0.540625 0.5944444444444444 0.0578125 0.08333333333333333
15 0.5765625 0.5611111111111111 0.05625 0.07777777777777778
15 0.4515625 0.5666666666666667 0.0453125 0.08055555555555556
15 0.4625 0.5333333333333333 0.0421875 0.06666666666666667
15 0.396875 0.5305555555555556 0.0421875 0.05277777777777778
17 0.3859375 0.5083333333333333 0.01875 0.058333333333333334
19 0.41875 0.49444444444444446 0.0359375 0.07222222222222222
9 0.4625 0.5027777777777778 0.0390625 0.06666666666666667
11 0.4453125 0.4305555555555556 0.021875 0.05
9 0.415625 0.4527777777777778 0.0296875 0.04722222222222222
5 0.5265625 0.48333333333333334 0.0296875 0.044444444444444446
17 0.4921875 0.4888888888888889 0.01875 0.041666666666666664
17 0.5484375 0.4583333333333333 0.0171875 0.030555555555555555
17 0.5609375 0.4666666666666667 0.021875 0.025
17 0.528125 0.45 0.021875 0.025
17 0.4296875 0.43333333333333335 0.0140625 0.030555555555555555
4 0.465625 0.37222222222222223 0.021875 0.041666666666666664
4 0.4828125 0.3638888888888889 0.0171875 0.03611111111111111
4 0.4609375 0.34444444444444444 0.01875 0.030555555555555555
7 0.409375 0.41944444444444445 0.015625 0.027777777777777776
5 0.35 0.5361111111111111 0.040625 0.06111111111111111
11 0.353125 0.48055555555555557 0.034375 0.07222222222222222
11 0.40625 0.36944444444444446 0.0109375 0.016666666666666666
9 0.38125 0.41944444444444445 0.0171875 0.030555555555555555
5 0.38125 0.46111111111111114 0.0203125 0.03333333333333333
9 0.4140625 0.39444444444444443 0.0140625 0.019444444444444445
18 0.4421875 0.4 0.01875 0.011111111111111112
0 0.5109375 0.4166666666666667 0.0265625 0.030555555555555555
5 0.54375 0.5 0.028125 0.044444444444444446
19 0.4875 0.4583333333333333 0.028125 0.05555555555555555
19 0.4703125 0.4222222222222222 0.0234375 0.041666666666666664
19 0.453125 0.48055555555555557 0.0296875 0.06666666666666667
19 0.484375 0.41388888888888886 0.0140625 0.022222222222222223
19 0.41875 0.38055555555555554 0.0109375 0.016666666666666666
19 0.4359375 0.38055555555555554 0.0125 0.016666666666666666
13 0.3171875 0.3888888888888889 0.009375 0.025
5 0.3703125 0.3638888888888889 0.009375 0.013888888888888888
4 0.434375 0.34444444444444444 0.0109375 0.019444444444444445
4 0.4140625 0.3416666666666667 0.009375 0.019444444444444445
9 0.4375 0.3611111111111111 0.009375 0.013888888888888888