4 0.346875 0.7248427672955975 0.690625 0.4386792452830189
17 0.7234375 0.6477987421383647 0.1515625 0.16352201257861634
13 0.90625 0.6116352201257862 0.1828125 0.14465408805031446
17 0.6796875 0.42138364779874216 0.0703125 0.08962264150943396
5 0.721875 0.36163522012578614 0.09375 0.06132075471698113
1 0.559375 0.32547169811320753 0.1640625 0.11949685534591195
5 0.4234375 0.3805031446540881 0.0984375 0.06446540880503145
17 0.3 0.3757861635220126 0.1078125 0.07075471698113207
5 0.43125 0.33962264150943394 0.103125 0.031446540880503145
5 0.96875 0.41352201257861637 0.0546875 0.07861635220125786
11 0.98125 0.3128930817610063 0.03125 0.07389937106918239
5 0.821875 0.26572327044025157 0.059375 0.036163522012578615