11 0.80625 0.7138888888888889 0.15625 0.18888888888888888
15 0.678125 0.7083333333333334 0.065625 0.08333333333333333
19 0.6125 0.6972222222222222 0.065625 0.09722222222222222
10 0.559375 0.7083333333333334 0.025 0.09444444444444444
5 0.50625 0.7055555555555556 0.046875 0.06944444444444445
4 0.5390625 0.6694444444444444 0.03125 0.06666666666666667
5 0.4234375 0.6916666666666667 0.04375 0.044444444444444446
17 0.35 0.6805555555555556 0.040625 0.05555555555555555
10 0.378125 0.6861111111111111 0.034375 0.058333333333333334
17 0.4515625 0.6833333333333333 0.015625 0.03611111111111111
17 0.4703125 0.6805555555555556 0.0125 0.027777777777777776
5 0.4828125 0.6861111111111111 0.015625 0.03611111111111111
17 0.28125 0.675 0.053125 0.08333333333333333
10 0.9515625 0.8611111111111112 0.0890625 0.2611111111111111
4 0.665625 0.6666666666666666 0.05625 0.05277777777777778
4 0.8078125 0.65 0.1640625 0.11388888888888889
4 0.915625 0.6722222222222223 0.05 0.08888888888888889
4 0.975 0.6694444444444444 0.0421875 0.09722222222222222
4 0.0921875 0.49722222222222223 0.1828125 0.9861111111111112