11 0.1765625 0.6833333333333333 0.165625 0.39444444444444443
5 0.3875 0.7277777777777777 0.1234375 0.2722222222222222
9 0.490625 0.5583333333333333 0.096875 0.25555555555555554
17 0.634375 0.8277777777777777 0.1 0.3
19 0.71875 0.6722222222222223 0.1625 0.3138888888888889
11 0.5203125 0.4166666666666667 0.071875 0.11944444444444445
5 0.590625 0.3972222222222222 0.0609375 0.1111111111111111
17 0.6734375 0.37777777777777777 0.059375 0.1111111111111111
5 0.69375 0.49166666666666664 0.09375 0.11944444444444445
17 0.603125 0.28888888888888886 0.0359375 0.07777777777777778
10 0.6171875 0.3388888888888889 0.025 0.08055555555555556
9 0.5046875 0.2972222222222222 0.0546875 0.10555555555555556
5 0.4375 0.325 0.0546875 0.09444444444444444
11 0.4375 0.23333333333333334 0.0421875 0.11388888888888889
17 0.4859375 0.225 0.0265625 0.06111111111111111
5 0.053125 0.45555555555555555 0.10625 0.1361111111111111
5 0.0828125 0.30833333333333335 0.078125 0.08888888888888889
5 0.2171875 0.20555555555555555 0.034375 0.05555555555555555
5 0.275 0.43333333333333335 0.08125 0.13333333333333333
5 0.30625 0.32222222222222224 0.05625 0.09444444444444444
5 0.31875 0.25555555555555554 0.046875 0.07222222222222222
5 0.33125 0.20555555555555555 0.0375 0.06111111111111111
15 0.375 0.4361111111111111 0.0890625 0.17222222222222222
17 0.4515625 0.3861111111111111 0.04375 0.11944444444444445
7 0.378125 0.2388888888888889 0.040625 0.1111111111111111
5 0.5328125 0.22777777777777777 0.034375 0.06388888888888888
17 0.3125 0.9611111111111111 0.1140625 0.06666666666666667
15 0.5078125 0.8805555555555555 0.0921875 0.225
0 0.5328125 0.16944444444444445 0.034375 0.06111111111111111
17 0.5640625 0.24722222222222223 0.0328125 0.075
5 0.5515625 0.2 0.0265625 0.05
5 0.496875 0.19166666666666668 0.046875 0.05
19 0.4734375 0.16666666666666666 0.0296875 0.06111111111111111
17 0.4109375 0.20277777777777778 0.0125 0.058333333333333334
17 0.4328125 0.15833333333333333 0.0203125 0.030555555555555555
5 0.49375 0.1527777777777778 0.01875 0.027777777777777776
5 0.48125 0.13055555555555556 0.025 0.016666666666666666
4 0.46875 0.09166666666666666 0.0296875 0.05555555555555555
4 0.49375 0.08055555555555556 0.028125 0.058333333333333334
4 0.4640625 0.044444444444444446 0.025 0.044444444444444446
4 0.428125 0.041666666666666664 0.01875 0.030555555555555555
4 0.3984375 0.03333333333333333 0.015625 0.03333333333333333
18 0.434375 0.14444444444444443 0.0296875 0.058333333333333334
19 0.3984375 0.15 0.0265625 0.05555555555555555
19 0.39375 0.11666666666666667 0.021875 0.044444444444444446
13 0.95625 0.5194444444444445 0.08125 0.16944444444444445
13 0.865625 0.4861111111111111 0.0890625 0.1527777777777778
19 0.3390625 0.16111111111111112 0.034375 0.075
5 0.359375 0.13333333333333333 0.0234375 0.03888888888888889
5 0.3640625 0.11944444444444445 0.0234375 0.03333333333333333
19 0.3765625 0.1 0.0203125 0.03888888888888889
11 0.384375 0.075 0.0171875 0.027777777777777776
19 0.403125 0.09166666666666666 0.0171875 0.025
19 0.425 0.09722222222222222 0.0203125 0.030555555555555555
17 0.4203125 0.13055555555555556 0.0140625 0.041666666666666664
9 0.434375 0.08611111111111111 0.0203125 0.025
5 0.446875 0.07777777777777778 0.0078125 0.025
19 0.409375 0.06111111111111111 0.015625 0.019444444444444445
10 0.2859375 0.09722222222222222 0.0078125 0.03333333333333333
10 0.2921875 0.08333333333333333 0.0078125 0.027777777777777776
17 0.325 0.06944444444444445 0.0109375 0.027777777777777776
17 0.3390625 0.05 0.009375 0.022222222222222223
5 0.35 0.041666666666666664 0.009375 0.016666666666666666
10 0.3640625 0.041666666666666664 0.0046875 0.016666666666666666
1 0.0125 0.20555555555555555 0.025 0.13333333333333333