5 0.5958333333333333 0.4875 0.34375 0.121875
5 0.5125 0.440625 0.13333333333333333 0.0484375
5 0.0875 0.4421875 0.12291666666666666 0.059375
10 0.25 0.4375 0.0375 0.0578125
10 0.2125 0.4296875 0.0375 0.0546875
10 0.16875 0.4203125 0.020833333333333332 0.0328125
5 0.25625 0.4296875 0.06875 0.04375
11 0.15833333333333333 0.40625 0.04583333333333333 0.0359375
5 0.18958333333333333 0.4140625 0.01875 0.01875
4 0.23333333333333334 0.4015625 0.03333333333333333 0.0140625
4 0.07291666666666667 0.3953125 0.027083333333333334 0.0140625
17 0.10833333333333334 0.4140625 0.04791666666666667 0.0265625
5 0.07083333333333333 0.4078125 0.027083333333333334 0.009375
5 0.025 0.4109375 0.016666666666666666 0.0171875
4 0.04791666666666667 0.3953125 0.022916666666666665 0.009375
5 0.14791666666666667 0.425 0.027083333333333334 0.034375