4 0.1078125 0.55 0.215625 0.6972222222222222
5 0.3828125 0.725 0.1296875 0.13055555555555556
11 0.5140625 0.7083333333333334 0.0640625 0.15
5 0.640625 0.7305555555555555 0.1046875 0.11388888888888889
5 0.7625 0.6944444444444444 0.1015625 0.04722222222222222
9 0.4625 0.6861111111111111 0.0328125 0.06111111111111111
11 0.559375 0.6722222222222223 0.0640625 0.125
4 0.403125 0.6472222222222223 0.0625 0.08055555555555556
4 0.4484375 0.6666666666666666 0.025 0.05277777777777778
4 0.9296875 0.6444444444444445 0.1328125 0.16944444444444445
4 0.84375 0.6805555555555556 0.0484375 0.08055555555555556
17 0.7109375 0.6916666666666667 0.0296875 0.03888888888888889