17 0.0359375 0.7 0.071875 0.2
4 0.390625 0.6583333333333333 0.075 0.14444444444444443
11 0.478125 0.7027777777777777 0.0625 0.12777777777777777
5 0.628125 0.725 0.0921875 0.10555555555555556
11 0.5578125 0.6722222222222223 0.0578125 0.11666666666666667
17 0.45 0.6861111111111111 0.01875 0.044444444444444446
5 0.515625 0.6888888888888889 0.015625 0.030555555555555555
5 0.4328125 0.6916666666666667 0.0171875 0.044444444444444446
4 0.9078125 0.5694444444444444 0.178125 0.30833333333333335
4 0.7234375 0.6833333333333333 0.0875 0.05277777777777778
4 0.6625 0.6611111111111111 0.040625 0.03888888888888889