11 0.4578125 0.9194444444444444 0.1546875 0.15
5 0.7015625 0.7416666666666667 0.10625 0.18055555555555555
5 0.753125 0.5944444444444444 0.0953125 0.11666666666666667
5 0.5828125 0.6416666666666667 0.059375 0.11666666666666667
5 0.4125 0.5638888888888889 0.05 0.08611111111111111
5 0.4328125 0.49444444444444446 0.04375 0.06388888888888888
5 0.5734375 0.45 0.03125 0.058333333333333334
5 0.55625 0.4083333333333333 0.0234375 0.041666666666666664
5 0.603125 0.43333333333333335 0.0265625 0.044444444444444446
5 0.5609375 0.38055555555555554 0.021875 0.030555555555555555
5 0.4828125 0.3861111111111111 0.021875 0.03611111111111111
5 0.4203125 0.8222222222222222 0.1078125 0.20555555555555555
5 0.2109375 0.6805555555555556 0.10625 0.11666666666666667
5 0.315625 0.5083333333333333 0.0546875 0.06944444444444445
5 0.1921875 0.5305555555555556 0.0734375 0.06388888888888888
5 0.328125 0.4361111111111111 0.0390625 0.03611111111111111
5 0.0671875 0.625 0.1125 0.10833333333333334
5 0.0671875 0.8944444444444445 0.1265625 0.19166666666666668
5 0.56875 0.35833333333333334 0.01875 0.019444444444444445
5 0.55625 0.35555555555555557 0.0140625 0.019444444444444445
5 0.5203125 0.325 0.0125 0.016666666666666666
5 0.45625 0.3111111111111111 0.009375 0.008333333333333333
15 0.4453125 0.425 0.028125 0.04722222222222222
5 0.51875 0.3972222222222222 0.021875 0.03333333333333333
17 0.6390625 0.9166666666666666 0.090625 0.15833333333333333
17 0.55625 0.8166666666666667 0.065625 0.20555555555555555
17 0.5484375 0.5694444444444444 0.0375 0.09722222222222222
17 0.54375 0.4583333333333333 0.0234375 0.058333333333333334
17 0.4546875 0.4 0.015625 0.027777777777777776
17 0.490625 0.41388888888888886 0.0171875 0.044444444444444446
17 0.5140625 0.4083333333333333 0.0171875 0.03333333333333333
17 0.5359375 0.4222222222222222 0.01875 0.044444444444444446
17 0.54375 0.36666666666666664 0.0125 0.027777777777777776
17 0.528125 0.3611111111111111 0.0109375 0.030555555555555555
17 0.5125 0.36666666666666664 0.0125 0.027777777777777776
17 0.509375 0.3611111111111111 0.0125 0.025
17 0.109375 0.6555555555555556 0.06875 0.11944444444444445
17 0.2109375 0.5611111111111111 0.0453125 0.08611111111111111
17 0.25625 0.5805555555555556 0.0484375 0.09444444444444444
17 0.25625 0.5111111111111111 0.040625 0.05555555555555555
17 0.315625 0.4083333333333333 0.01875 0.03611111111111111
5 0.28125 0.4777777777777778 0.046875 0.05277777777777778
5 0.3453125 0.4666666666666667 0.0390625 0.05
4 0.3671875 0.36944444444444446 0.04375 0.06388888888888888
17 0.39375 0.3611111111111111 0.0109375 0.022222222222222223
17 0.4671875 0.3611111111111111 0.0140625 0.027777777777777776
4 0.540625 0.29444444444444445 0.0171875 0.027777777777777776
4 0.54375 0.3333333333333333 0.01875 0.041666666666666664
4 0.5609375 0.3138888888888889 0.0203125 0.044444444444444446
4 0.515625 0.29444444444444445 0.0125 0.019444444444444445
11 0.49375 0.2916666666666667 0.0109375 0.022222222222222223
11 0.484375 0.325 0.0109375 0.027777777777777776
19 0.475 0.34444444444444444 0.015625 0.025
19 0.4875 0.3638888888888889 0.01875 0.030555555555555555
19 0.49375 0.34444444444444444 0.0140625 0.027777777777777776
19 0.5140625 0.33611111111111114 0.0140625 0.025
5 0.428125 0.3416666666666667 0.0140625 0.022222222222222223
19 0.5015625 0.5861111111111111 0.05625 0.1388888888888889
19 0.60625 0.5444444444444444 0.0625 0.12222222222222222
0 0.6578125 0.4888888888888889 0.05625 0.09722222222222222
13 0.8515625 0.5861111111111111 0.06875 0.11388888888888889
13 0.921875 0.6027777777777777 0.0671875 0.11944444444444445
15 0.59375 0.3861111111111111 0.025 0.03888888888888889
5 0.5859375 0.36944444444444446 0.0171875 0.025
9 0.5640625 0.3333333333333333 0.0140625 0.022222222222222223
11 0.503125 0.3111111111111111 0.0125 0.011111111111111112
19 0.3859375 0.6444444444444445 0.078125 0.16666666666666666
19 0.459375 0.45 0.03125 0.07222222222222222
9 0.290625 0.43333333333333335 0.04375 0.05
5 0.015625 0.7305555555555555 0.0296875 0.07222222222222222
17 0.59375 0.4638888888888889 0.0265625 0.041666666666666664
10 0.6171875 0.4527777777777778 0.015625 0.05555555555555555
10 0.4875 0.675 0.0390625 0.1111111111111111
3 0.309375 0.65 0.0125 0.05277777777777778
1 0.196875 0.4444444444444444 0.0890625 0.10555555555555556
15 0.3921875 0.3861111111111111 0.021875 0.022222222222222223
15 0.125 0.5 0.0515625 0.05555555555555555
10 0.365625 0.4111111111111111 0.0125 0.03611111111111111
10 0.74375 0.9305555555555556 0.05625 0.125