17 0.225 0.6361111111111111 0.1296875 0.2222222222222222
17 0.365625 0.5944444444444444 0.071875 0.1361111111111111
17 0.4359375 0.5805555555555556 0.05625 0.12222222222222222
13 0.528125 0.5777777777777777 0.1296875 0.19722222222222222
13 0.69375 0.5416666666666666 0.065625 0.14722222222222223
13 0.628125 0.5555555555555556 0.04375 0.13055555555555556
4 0.221875 0.55 0.1421875 0.11388888888888889
5 0.1359375 0.6194444444444445 0.0671875 0.11944444444444445
3 0.090625 0.6166666666666667 0.0328125 0.10833333333333334
13 0.13125 0.5833333333333334 0.03125 0.05
5 0.3125 0.5722222222222222 0.028125 0.04722222222222222
5 0.46875 0.5527777777777778 0.0234375 0.058333333333333334