13 0.3953125 0.7222222222222222 0.0734375 0.2111111111111111
13 0.4984375 0.6611111111111111 0.0515625 0.08888888888888889
13 0.571875 0.6555555555555556 0.0421875 0.11388888888888889
13 0.153125 0.7111111111111111 0.084375 0.09444444444444444
13 0.1953125 0.6888888888888889 0.04375 0.08055555555555556
10 0.2828125 0.675 0.028125 0.075
13 0.340625 0.6555555555555556 0.0203125 0.06666666666666667
5 0.309375 0.6472222222222223 0.0234375 0.03888888888888889
4 0.3546875 0.6222222222222222 0.034375 0.06388888888888888
4 0.3265625 0.6166666666666667 0.0234375 0.03888888888888889
10 0.4421875 0.6416666666666667 0.0203125 0.08333333333333333
4 0.7921875 0.6027777777777777 0.4125 0.3111111111111111
13 0.9625 0.7083333333333334 0.065625 0.2722222222222222