13 0.39375 0.6972222222222222 0.43125 0.5194444444444445
17 0.853125 0.7583333333333333 0.2890625 0.4361111111111111
13 0.7015625 0.5277777777777778 0.1671875 0.2916666666666667
11 0.0828125 0.46944444444444444 0.165625 0.7166666666666667
11 0.215625 0.2722222222222222 0.1 0.10277777777777777
13 0.290625 0.4027777777777778 0.0734375 0.16944444444444445
11 0.553125 0.325 0.0953125 0.06944444444444445
11 0.825 0.425 0.1046875 0.2361111111111111
11 0.9546875 0.40555555555555556 0.0859375 0.2
5 0.5421875 0.40555555555555556 0.09375 0.1
13 0.371875 0.3611111111111111 0.071875 0.1527777777777778