13 0.265625 0.6638888888888889 0.253125 0.6305555555555555
4 0.06328125 0.5027777777777778 0.1265625 0.9555555555555556
13 0.5515625 0.8 0.378125 0.38333333333333336
13 0.653125 0.475 0.1671875 0.4027777777777778
11 0.421875 0.4 0.2578125 0.375
4 0.2796875 0.26666666666666666 0.1375 0.22777777777777777
4 0.1640625 0.30833333333333335 0.11875 0.2722222222222222
5 0.9265625 0.3888888888888889 0.1421875 0.15833333333333333
4 0.459375 0.24722222222222223 0.08125 0.11388888888888889
13 0.5609375 0.37222222222222223 0.0859375 0.2388888888888889
13 0.5109375 0.2861111111111111 0.0265625 0.08888888888888889
13 0.615625 0.26944444444444443 0.0234375 0.05
13 0.85625 0.6777777777777778 0.2765625 0.6194444444444445