5 0.69375 0.6388888888888888 0.0890625 0.11388888888888889
13 0.603125 0.6305555555555555 0.0421875 0.1111111111111111
4 0.55 0.5583333333333333 0.0453125 0.09166666666666666
13 0.4203125 0.6027777777777777 0.0671875 0.08888888888888889
5 0.2265625 0.6833333333333333 0.2421875 0.14444444444444443
5 0.61875 0.5861111111111111 0.0375 0.05
16 0.6390625 0.5666666666666667 0.0234375 0.03888888888888889
5 0.6015625 0.5444444444444444 0.03125 0.05555555555555555
5 0.740625 0.575 0.0453125 0.041666666666666664
5 0.6625 0.5611111111111111 0.021875 0.027777777777777776
13 0.4578125 0.6 0.0609375 0.07222222222222222
15 0.5 0.5638888888888889 0.0171875 0.025
5 0.8921875 0.6055555555555555 0.0921875 0.06944444444444445