19 0.2125 0.8333333333333334 0.1140625 0.3
5 0.4390625 0.8277777777777777 0.1984375 0.18333333333333332
5 0.7671875 0.725 0.18125 0.13055555555555556
5 0.7046875 0.9333333333333333 0.265625 0.11388888888888889
1 0.1109375 0.42777777777777776 0.0953125 0.1111111111111111
13 0.15625 0.6777777777777778 0.096875 0.13055555555555556
13 0.225 0.6444444444444445 0.084375 0.12222222222222222
13 0.265625 0.625 0.0859375 0.10833333333333334
13 0.1359375 0.5694444444444444 0.0421875 0.10277777777777777
13 0.8734375 0.6111111111111112 0.0859375 0.11388888888888889
13 0.3 0.7777777777777778 0.065625 0.14166666666666666
17 0.0796875 0.5722222222222222 0.05625 0.11388888888888889
5 0.0296875 0.48055555555555557 0.0515625 0.05
15 0.5859375 0.5194444444444445 0.0546875 0.08333333333333333
19 0.575 0.46944444444444444 0.034375 0.075
5 0.5484375 0.5527777777777778 0.0546875 0.08055555555555556
15 0.459375 0.5194444444444445 0.04375 0.08333333333333333
5 0.4 0.525 0.0484375 0.08055555555555556
5 0.3453125 0.5138888888888888 0.0453125 0.08055555555555556
5 0.3578125 0.475 0.0390625 0.058333333333333334
5 0.403125 0.4722222222222222 0.0359375 0.05
11 0.3625 0.4222222222222222 0.034375 0.06666666666666667
17 0.3953125 0.45 0.021875 0.05555555555555555
19 0.4265625 0.44166666666666665 0.0359375 0.07777777777777778
7 0.4203125 0.3611111111111111 0.01875 0.030555555555555555
9 0.4234375 0.4 0.03125 0.04722222222222222
15 0.4703125 0.4861111111111111 0.040625 0.07222222222222222
5 0.5171875 0.5027777777777778 0.0421875 0.06944444444444445
5 0.5359375 0.4388888888888889 0.0296875 0.05
5 0.5140625 0.4666666666666667 0.034375 0.04722222222222222
9 0.4703125 0.4444444444444444 0.0359375 0.05555555555555555
19 0.4625 0.42777777777777776 0.0296875 0.06388888888888888
17 0.5703125 0.425 0.0203125 0.019444444444444445
17 0.5390625 0.4027777777777778 0.021875 0.025
17 0.559375 0.41388888888888886 0.01875 0.03611111111111111
19 0.48125 0.36944444444444446 0.0203125 0.03611111111111111
11 0.45625 0.375 0.0234375 0.05
19 0.496875 0.4083333333333333 0.025 0.05555555555555555
17 0.5 0.4444444444444444 0.0203125 0.04722222222222222
0 0.521875 0.36666666666666664 0.0234375 0.03333333333333333
4 0.4765625 0.3194444444444444 0.021875 0.044444444444444446
4 0.49375 0.30833333333333335 0.0171875 0.03611111111111111
19 0.428125 0.35555555555555557 0.0171875 0.03611111111111111
5 0.2421875 0.38055555555555554 0.0265625 0.03888888888888889
9 0.3 0.3527777777777778 0.0265625 0.03333333333333333
17 0.3546875 0.33055555555555555 0.0109375 0.025
9 0.384375 0.2972222222222222 0.009375 0.019444444444444445
5 0.3875 0.40555555555555556 0.0203125 0.03611111111111111
5 0.3875 0.38333333333333336 0.0203125 0.016666666666666666
9 0.390625 0.35833333333333334 0.021875 0.027777777777777776
9 0.4234375 0.33611111111111114 0.0140625 0.022222222222222223
19 0.4109375 0.325 0.0140625 0.019444444444444445
5 0.403125 0.34444444444444444 0.015625 0.019444444444444445
17 0.4390625 0.38055555555555554 0.0125 0.030555555555555555
5 0.453125 0.3194444444444444 0.009375 0.011111111111111112
19 0.428125 0.325 0.0109375 0.019444444444444445
18 0.453125 0.3472222222222222 0.0203125 0.013888888888888888
11 0.415625 0.3111111111111111 0.0109375 0.016666666666666666