3 0.4328125 0.36666666666666664 0.065625 0.3416666666666667
5 0.728125 0.3111111111111111 0.1765625 0.20833333333333334
5 0.8328125 0.2388888888888889 0.13125 0.09722222222222222
4 0.8125 0.19722222222222222 0.178125 0.12222222222222222
13 0.6203125 0.2611111111111111 0.04375 0.13055555555555556
13 0.5328125 0.26944444444444443 0.046875 0.10277777777777777
13 0.5796875 0.25277777777777777 0.021875 0.06111111111111111
10 0.3203125 0.30833333333333335 0.0734375 0.13333333333333333
4 0.3078125 0.25833333333333336 0.1015625 0.14722222222222223
10 0.06875 0.3472222222222222 0.1125 0.16111111111111112
13 0.2015625 0.3138888888888889 0.0265625 0.075
17 0.034375 0.3416666666666667 0.053125 0.1111111111111111
10 0.13125 0.3333333333333333 0.034375 0.08055555555555556
4 0.459375 0.24166666666666667 0.0453125 0.058333333333333334
16 0.490625 0.25277777777777777 0.0140625 0.022222222222222223