17 0.0890625 0.85 0.1296875 0.16944444444444445
17 0.8078125 0.9083333333333333 0.140625 0.16111111111111112
1 0.134375 0.5055555555555555 0.090625 0.10555555555555556
15 0.0546875 0.5583333333333333 0.053125 0.058333333333333334
13 0.5453125 0.8055555555555556 0.09375 0.14722222222222223
13 0.4453125 0.7722222222222223 0.09375 0.13333333333333333
13 0.29375 0.7888888888888889 0.1046875 0.13055555555555556
13 0.1484375 0.7305555555555555 0.0984375 0.11388888888888889
13 0.24375 0.6972222222222222 0.0890625 0.11388888888888889
13 0.3546875 0.7277777777777777 0.1609375 0.11666666666666667
13 0.6796875 0.6972222222222222 0.065625 0.1
13 0.9015625 0.7166666666666667 0.0546875 0.1
13 0.9359375 0.8388888888888889 0.0515625 0.14444444444444443
5 0.3625 0.5972222222222222 0.0421875 0.075
5 0.421875 0.6055555555555555 0.046875 0.075
15 0.471875 0.6055555555555555 0.04375 0.08611111111111111
5 0.559375 0.6416666666666667 0.0546875 0.08888888888888889
15 0.5984375 0.6138888888888889 0.053125 0.08333333333333333
19 0.5890625 0.5583333333333333 0.034375 0.06944444444444445
5 0.5328125 0.5916666666666667 0.040625 0.06944444444444445
17 0.515625 0.5361111111111111 0.0203125 0.05277777777777778
9 0.484375 0.5722222222222222 0.0375 0.06666666666666667
19 0.440625 0.5305555555555556 0.034375 0.07777777777777778
5 0.371875 0.5583333333333333 0.0390625 0.058333333333333334
11 0.378125 0.5055555555555555 0.034375 0.06666666666666667
7 0.4359375 0.45555555555555555 0.01875 0.041666666666666664
9 0.4765625 0.5138888888888888 0.028125 0.06388888888888888
9 0.484375 0.5361111111111111 0.0359375 0.05555555555555555
5 0.528125 0.5555555555555556 0.034375 0.04722222222222222
5 0.55 0.5277777777777778 0.028125 0.04722222222222222
19 0.5125 0.49444444444444446 0.0296875 0.05277777777777778
11 0.471875 0.46944444444444444 0.021875 0.058333333333333334
19 0.4421875 0.5277777777777778 0.034375 0.075
9 0.4390625 0.48333333333333334 0.028125 0.03888888888888889
19 0.496875 0.4583333333333333 0.021875 0.03888888888888889
0 0.5375 0.46111111111111114 0.0234375 0.03611111111111111
17 0.5734375 0.5055555555555555 0.01875 0.03611111111111111
17 0.5875 0.5138888888888888 0.025 0.022222222222222223
17 0.553125 0.49444444444444446 0.021875 0.030555555555555555
19 0.5375 0.49444444444444446 0.01875 0.03611111111111111
4 0.4921875 0.4111111111111111 0.0203125 0.03611111111111111
4 0.509375 0.4027777777777778 0.0171875 0.03611111111111111
4 0.4890625 0.38055555555555554 0.0140625 0.027777777777777776
4 0.4640625 0.38055555555555554 0.0125 0.022222222222222223
5 0.4046875 0.4888888888888889 0.01875 0.03333333333333333
5 0.4046875 0.4666666666666667 0.0171875 0.013888888888888888
5 0.4046875 0.4583333333333333 0.0203125 0.011111111111111112
9 0.409375 0.44722222222222224 0.0203125 0.03333333333333333
9 0.440625 0.425 0.015625 0.019444444444444445
19 0.428125 0.41388888888888886 0.0125 0.013888888888888888
11 0.4328125 0.4027777777777778 0.0125 0.016666666666666666
19 0.446875 0.4111111111111111 0.0109375 0.016666666666666666
19 0.4625 0.4166666666666667 0.0109375 0.016666666666666666
18 0.4671875 0.43333333333333335 0.01875 0.011111111111111112
9 0.4203125 0.4305555555555556 0.015625 0.019444444444444445
15 0.3828125 0.4111111111111111 0.0109375 0.016666666666666666
13 0.3125 0.42777777777777776 0.0125 0.027777777777777776