13 0.028125 0.8 0.05 0.125
13 0.1203125 0.7666666666666667 0.040625 0.10555555555555556
13 0.7734375 0.7277777777777777 0.0203125 0.05277777777777778
13 0.740625 0.7222222222222222 0.0390625 0.06111111111111111
13 0.828125 0.7194444444444444 0.025 0.05277777777777778
5 0.6734375 0.8 0.134375 0.1388888888888889
5 0.5640625 0.775 0.1078125 0.09722222222222222
5 0.659375 0.7555555555555555 0.128125 0.08333333333333333
5 0.4 0.7527777777777778 0.0734375 0.07222222222222222
10 0.225 0.7305555555555555 0.0171875 0.05
5 0.0390625 0.7444444444444445 0.0421875 0.05
4 0.0109375 0.7055555555555556 0.021875 0.03611111111111111
13 0.16875 0.7194444444444444 0.009375 0.03888888888888889
5 0.875 0.7444444444444445 0.0609375 0.075
13 0.9640625 0.75 0.0640625 0.11666666666666667