10 0.1734375 0.7611111111111111 0.078125 0.26666666666666666
17 0.309375 0.7444444444444445 0.1390625 0.25833333333333336
18 0.390625 0.6777777777777778 0.0453125 0.17777777777777778
5 0.428125 0.7027777777777777 0.0359375 0.075
9 0.5234375 0.7 0.0546875 0.1
19 0.58125 0.6972222222222222 0.0609375 0.08611111111111111
4 0.4296875 0.6527777777777778 0.0375 0.09166666666666666
5 0.4578125 0.6861111111111111 0.0234375 0.041666666666666664
15 0.659375 0.7 0.0453125 0.058333333333333334
11 0.621875 0.6805555555555556 0.021875 0.03611111111111111
5 0.6359375 0.6916666666666667 0.021875 0.041666666666666664
18 0.6921875 0.6583333333333333 0.0484375 0.06111111111111111
9 0.7546875 0.6805555555555556 0.05 0.03611111111111111
5 0.7125 0.6833333333333333 0.0296875 0.013888888888888888
18 0.8953125 0.6555555555555556 0.06875 0.09166666666666666
4 0.9609375 0.625 0.0765625 0.6083333333333333