17 0.2375 0.7861111111111111 0.0703125 0.16666666666666666
17 0.953125 0.8638888888888889 0.0828125 0.18055555555555555
17 0.9328125 0.8 0.1 0.15
17 0.8546875 0.7 0.0703125 0.13055555555555556
17 0.9046875 0.7388888888888889 0.090625 0.12222222222222222
17 0.8546875 0.6055555555555555 0.0640625 0.06388888888888888
17 0.9453125 0.6194444444444445 0.0734375 0.06388888888888888
17 0.8140625 0.5805555555555556 0.053125 0.06944444444444445
17 0.2625 0.5472222222222223 0.0375 0.08888888888888889
10 0.2265625 0.625 0.0328125 0.09722222222222222
4 0.0703125 0.8083333333333333 0.1390625 0.375
5 0.3546875 0.5444444444444444 0.05625 0.08333333333333333
5 0.278125 0.4166666666666667 0.028125 0.04722222222222222
5 0.2546875 0.9416666666666667 0.125 0.10833333333333334
5 0.39375 0.8444444444444444 0.115625 0.17777777777777778
11 0.33125 0.3416666666666667 0.025 0.06388888888888888
5 0.3078125 0.33611111111111114 0.0171875 0.027777777777777776
5 0.303125 0.31666666666666665 0.015625 0.022222222222222223
18 0.290625 0.28888888888888886 0.015625 0.011111111111111112
17 0.278125 0.3055555555555556 0.0125 0.022222222222222223
17 0.2890625 0.3055555555555556 0.009375 0.019444444444444445
5 0.3296875 0.3 0.0125 0.011111111111111112
11 0.3453125 0.3111111111111111 0.015625 0.030555555555555555
5 0.3140625 0.3055555555555556 0.0109375 0.022222222222222223
5 0.8359375 0.8833333333333333 0.165625 0.17222222222222222
5 0.7421875 0.9388888888888889 0.153125 0.09722222222222222
5 0.9140625 0.9638888888888889 0.153125 0.04722222222222222
9 0.70625 0.725 0.1140625 0.16666666666666666
10 0.6328125 0.8805555555555555 0.05625 0.19444444444444445
10 0.6921875 0.8444444444444444 0.0578125 0.13055555555555556
10 0.7484375 0.8472222222222222 0.040625 0.10277777777777777
10 0.7265625 0.825 0.04375 0.14444444444444443
5 0.5875 0.7222222222222222 0.10625 0.14166666666666666
5 0.9625 0.7194444444444444 0.0671875 0.125
15 0.7765625 0.6138888888888889 0.09375 0.10555555555555556
15 0.6734375 0.5861111111111111 0.084375 0.09166666666666666
17 0.5671875 0.5555555555555556 0.04375 0.06666666666666667
4 0.6359375 0.4222222222222222 0.1125 0.10277777777777777
11 0.5578125 0.42777777777777776 0.053125 0.06666666666666667
5 0.546875 0.6527777777777778 0.0734375 0.125
5 0.509375 0.6 0.0703125 0.09722222222222222
5 0.59375 0.6055555555555555 0.0734375 0.09722222222222222
17 0.6859375 0.5305555555555556 0.05625 0.03888888888888889
19 0.490625 0.5361111111111111 0.065625 0.125
19 0.471875 0.4222222222222222 0.0375 0.058333333333333334
19 0.446875 0.4777777777777778 0.046875 0.08888888888888889
9 0.4140625 0.425 0.0203125 0.07222222222222222
9 0.4046875 0.4 0.028125 0.04722222222222222
4 0.4875 0.35 0.0484375 0.06388888888888888
11 0.4578125 0.3611111111111111 0.03125 0.041666666666666664
17 0.515625 0.43333333333333335 0.0265625 0.044444444444444446
18 0.5203125 0.39166666666666666 0.0484375 0.044444444444444446
4 0.5640625 0.3861111111111111 0.040625 0.044444444444444446
11 0.3953125 0.35833333333333334 0.028125 0.05
15 0.4203125 0.35 0.01875 0.041666666666666664
4 0.4203125 0.2972222222222222 0.01875 0.025
5 0.390625 0.32222222222222224 0.0140625 0.013888888888888888
5 0.3875 0.3 0.0140625 0.013888888888888888
11 0.378125 0.3194444444444444 0.0171875 0.03611111111111111
17 0.809375 0.7527777777777778 0.0921875 0.09722222222222222
5 0.790625 0.7027777777777777 0.1171875 0.09166666666666666
5 0.7171875 0.6333333333333333 0.0875 0.06111111111111111
5 0.7875 0.5527777777777778 0.0671875 0.05
9 0.6375 0.5027777777777778 0.0515625 0.05555555555555555
9 0.575 0.49166666666666664 0.05 0.05
5 0.546875 0.5472222222222223 0.0484375 0.075
10 0.7140625 0.4777777777777778 0.01875 0.03888888888888889
15 0.734375 0.525 0.0578125 0.05555555555555555