10 0.2875 0.5140625 0.0875 0.0921875
15 0.375 0.490625 0.125 0.06875
3 0.6604166666666667 0.5046875 0.03333333333333333 0.0625
5 0.6583333333333333 0.4890625 0.06458333333333334 0.0359375
15 0.6270833333333333 0.4765625 0.035416666666666666 0.021875
12 0.7958333333333333 0.478125 0.03125 0.028125
17 0.7395833333333334 0.4765625 0.0125 0.0140625
17 0.6979166666666666 0.475 0.0125 0.0125
10 0.75 0.4765625 0.00625 0.0109375
5 0.7104166666666667 0.475 0.010416666666666666 0.009375
5 0.7291666666666666 0.4765625 0.008333333333333333 0.0078125