15 0.6895833333333333 0.4796875 0.5145833333333333 0.2109375
3 0.00625 0.3875 0.0125 0.0375
5 0.07291666666666667 0.3890625 0.058333333333333334 0.034375
5 0.2916666666666667 0.4 0.10833333333333334 0.053125
5 0.17291666666666666 0.390625 0.03125 0.04375
11 0.14583333333333334 0.371875 0.03958333333333333 0.0359375
5 0.20208333333333334 0.3875 0.03958333333333333 0.0328125
5 0.23333333333333334 0.38125 0.035416666666666666 0.0203125
5 0.15625 0.384375 0.022916666666666665 0.028125
4 0.0875 0.3609375 0.029166666666666667 0.0109375
4 0.0625 0.3625 0.01875 0.0078125
17 0.10833333333333334 0.375 0.020833333333333332 0.01875
17 0.08125 0.375 0.027083333333333334 0.015625
10 0.10208333333333333 0.378125 0.0125 0.025
10 0.0375 0.378125 0.010416666666666666 0.021875
9 0.12083333333333333 0.371875 0.0125 0.015625
4 0.2875 0.3640625 0.03125 0.0171875
5 0.3416666666666667 0.3890625 0.058333333333333334 0.0390625