12 0.0578125 0.8694444444444445 0.1109375 0.1388888888888889
13 0.0953125 0.8888888888888888 0.0703125 0.13055555555555556
13 0.2765625 0.8638888888888889 0.075 0.175
11 0.046875 0.5944444444444444 0.0640625 0.08055555555555556
13 0.090625 0.7416666666666667 0.06875 0.10833333333333334
13 0.0296875 0.6638888888888889 0.0421875 0.10833333333333334
13 0.0375 0.7694444444444445 0.06875 0.10277777777777777
13 0.1484375 0.8111111111111111 0.053125 0.1638888888888889
5 0.2703125 0.7555555555555555 0.125 0.11666666666666667
5 0.046875 0.5388888888888889 0.05 0.041666666666666664
5 0.209375 0.5833333333333334 0.0734375 0.08055555555555556
5 0.5984375 0.8666666666666667 0.184375 0.19722222222222222
5 0.80625 0.6638888888888889 0.071875 0.1361111111111111
5 0.7625 0.48333333333333334 0.0453125 0.06944444444444445
1 0.8375 0.44166666666666665 0.0890625 0.12777777777777777
13 0.9625 0.8861111111111111 0.0671875 0.21388888888888888
17 0.9359375 0.7 0.084375 0.15555555555555556
13 0.790625 0.7888888888888889 0.1328125 0.17777777777777778
13 0.6765625 0.6611111111111111 0.0828125 0.15833333333333333
4 0.4640625 0.6333333333333333 0.2515625 0.25555555555555554
9 0.428125 0.8666666666666667 0.1921875 0.2361111111111111