5 0.83125 0.4953125 0.27291666666666664 0.103125
5 0.32916666666666666 0.4828125 0.22083333333333333 0.09375
3 0.07708333333333334 0.4375 0.022916666666666665 0.046875
10 0.13333333333333333 0.440625 0.035416666666666666 0.053125
17 0.2375 0.44375 0.06041666666666667 0.0546875
5 0.175 0.428125 0.0375 0.021875
5 0.19375 0.4421875 0.027083333333333334 0.040625
4 0.16458333333333333 0.4078125 0.029166666666666667 0.0109375
4 0.3020833333333333 0.415625 0.027083333333333334 0.0140625
5 0.11458333333333333 0.425 0.025 0.0203125
4 0.13958333333333334 0.409375 0.020833333333333332 0.0078125
9 0.175 0.415625 0.027083333333333334 0.0078125