5 0.7390625 0.85 0.153125 0.2916666666666667
5 0.69375 0.6194444444444445 0.0984375 0.15
5 0.33125 0.8611111111111112 0.1375 0.26944444444444443
5 0.4171875 0.475 0.053125 0.1
5 0.615625 0.4638888888888889 0.05625 0.08888888888888889
9 0.7046875 0.5027777777777778 0.0828125 0.11666666666666667
5 0.578125 0.5722222222222222 0.0765625 0.13055555555555556
5 0.503125 0.5833333333333334 0.0640625 0.13333333333333333
5 0.4859375 0.49444444444444446 0.053125 0.09722222222222222
5 0.3046875 0.44722222222222224 0.0578125 0.06666666666666667
19 0.4921875 0.4222222222222222 0.0453125 0.09722222222222222
5 0.6125 0.35833333333333334 0.0390625 0.05
5 0.653125 0.4 0.0515625 0.06388888888888888
5 0.6109375 0.32222222222222224 0.03125 0.03333333333333333
5 0.2859375 0.4 0.0609375 0.06666666666666667
5 0.3421875 0.39166666666666666 0.0453125 0.05277777777777778
5 0.359375 0.3611111111111111 0.0296875 0.03888888888888889
5 0.3875 0.3055555555555556 0.025 0.022222222222222223
5 0.4546875 0.31666666666666665 0.0234375 0.03888888888888889
5 0.0890625 0.5972222222222222 0.128125 0.125
5 0.0328125 0.5888888888888889 0.0640625 0.10833333333333334
5 0.31875 0.36666666666666664 0.0296875 0.041666666666666664
5 0.35625 0.3277777777777778 0.025 0.03333333333333333
15 0.2875 0.4 0.0546875 0.06111111111111111
5 0.0453125 0.7805555555555556 0.090625 0.18055555555555555
19 0.178125 0.6361111111111111 0.140625 0.19722222222222222
9 0.421875 0.5916666666666667 0.0734375 0.18611111111111112
17 0.5453125 0.8527777777777777 0.090625 0.2361111111111111
17 0.56875 0.6777777777777778 0.0578125 0.17777777777777778
17 0.5515625 0.4583333333333333 0.0359375 0.08055555555555556
17 0.5640625 0.4166666666666667 0.028125 0.06388888888888888
17 0.534375 0.40555555555555556 0.0265625 0.06944444444444445
17 0.515625 0.3861111111111111 0.0203125 0.05555555555555555
17 0.44375 0.4388888888888889 0.028125 0.075
17 0.45625 0.4 0.025 0.06388888888888888
17 0.5296875 0.3611111111111111 0.021875 0.03333333333333333
5 0.4875 0.3 0.01875 0.03333333333333333
5 0.5140625 0.2833333333333333 0.0171875 0.019444444444444445
5 0.528125 0.2777777777777778 0.0171875 0.027777777777777776
9 0.5234375 0.24444444444444444 0.015625 0.025
4 0.56875 0.3111111111111111 0.04375 0.08888888888888889
4 0.565625 0.25833333333333336 0.0375 0.025
4 0.5640625 0.23055555555555557 0.01875 0.027777777777777776
4 0.54375 0.225 0.0171875 0.04722222222222222
15 0.49375 0.275 0.01875 0.025
9 0.478125 0.3277777777777778 0.0234375 0.05277777777777778
19 0.44375 0.3611111111111111 0.0328125 0.06666666666666667
17 0.5640625 0.37777777777777777 0.0234375 0.025
10 0.603125 0.4027777777777778 0.0171875 0.05
4 0.5171875 0.21388888888888888 0.0125 0.019444444444444445
9 0.5015625 0.25833333333333336 0.0125 0.022222222222222223
11 0.4671875 0.2777777777777778 0.01875 0.03888888888888889
9 0.4890625 0.24166666666666667 0.0109375 0.016666666666666666
5 0.48125 0.26944444444444443 0.009375 0.022222222222222223
19 0.49375 0.23055555555555557 0.009375 0.013888888888888888
19 0.503125 0.24166666666666667 0.0109375 0.013888888888888888
17 0.2359375 0.4722222222222222 0.0484375 0.08333333333333333
17 0.2015625 0.44722222222222224 0.04375 0.075
17 0.265625 0.3861111111111111 0.0296875 0.058333333333333334
10 0.3 0.35555555555555557 0.0171875 0.03333333333333333
1 0.2 0.36666666666666664 0.0859375 0.10277777777777777
10 0.31875 0.3333333333333333 0.0125 0.030555555555555555
10 0.3 0.3527777777777778 0.0125 0.041666666666666664
10 0.2828125 0.3527777777777778 0.0140625 0.041666666666666664
17 0.359375 0.30277777777777776 0.015625 0.025
17 0.390625 0.2861111111111111 0.0140625 0.019444444444444445
17 0.415625 0.2777777777777778 0.0109375 0.022222222222222223
5 0.3875 0.28055555555555556 0.01875 0.022222222222222223
5 0.4078125 0.2722222222222222 0.0140625 0.025
5 0.434375 0.25833333333333336 0.0140625 0.016666666666666666
5 0.4203125 0.25555555555555554 0.0140625 0.025
5 0.434375 0.24444444444444444 0.0109375 0.011111111111111112
4 0.4484375 0.23333333333333334 0.015625 0.027777777777777776
4 0.496875 0.2111111111111111 0.0125 0.016666666666666666
13 0.8515625 0.5027777777777778 0.071875 0.11944444444444445
13 0.9375 0.5166666666666667 0.08125 0.1111111111111111
10 0.2109375 0.8527777777777777 0.0890625 0.23333333333333334
17 0.175 0.4861111111111111 0.0546875 0.08888888888888889
15 0.1296875 0.425 0.05 0.06388888888888888
10 0.1359375 0.8916666666666667 0.109375 0.17222222222222222