5 0.346875 0.9083333333333333 0.1765625 0.16111111111111112
15 0.478125 0.8305555555555556 0.18125 0.19166666666666668
5 0.2921875 0.725 0.128125 0.13055555555555556
5 0.2 0.7555555555555555 0.121875 0.14166666666666666
13 0.115625 0.7861111111111111 0.09375 0.175
5 0.153125 0.5805555555555556 0.0671875 0.08888888888888889
13 0.6265625 0.7611111111111111 0.121875 0.13333333333333333
13 0.6703125 0.7083333333333334 0.1265625 0.16111111111111112
13 0.75 0.7 0.090625 0.11388888888888889
13 0.8921875 0.7138888888888889 0.096875 0.14166666666666666
13 0.7875 0.6638888888888889 0.09375 0.13055555555555556
13 0.8875 0.6138888888888889 0.034375 0.08333333333333333
5 0.5515625 0.5666666666666667 0.053125 0.09444444444444444
15 0.5890625 0.5416666666666666 0.0484375 0.08888888888888889
5 0.35 0.5305555555555556 0.0453125 0.07777777777777778
5 0.4109375 0.5361111111111111 0.0390625 0.08888888888888889
15 0.4625 0.5305555555555556 0.0390625 0.08611111111111111
5 0.521875 0.5194444444444445 0.0421875 0.06944444444444445
19 0.5796875 0.475 0.0375 0.06666666666666667
5 0.51875 0.475 0.034375 0.03611111111111111
5 0.4734375 0.5 0.0390625 0.06666666666666667
9 0.475 0.46111111111111114 0.034375 0.05555555555555555
5 0.4078125 0.49166666666666664 0.034375 0.05
19 0.43125 0.45555555555555555 0.034375 0.075
5 0.3609375 0.49166666666666664 0.040625 0.058333333333333334
11 0.365625 0.4388888888888889 0.0359375 0.06944444444444445
17 0.3984375 0.4666666666666667 0.0203125 0.05
5 0.0359375 0.49722222222222223 0.0578125 0.04722222222222222
1 0.115625 0.44166666666666665 0.0953125 0.10555555555555556
13 0.0390625 0.7055555555555556 0.078125 0.15555555555555556
17 0.575 0.4361111111111111 0.0203125 0.019444444444444445
17 0.5625 0.4305555555555556 0.01875 0.03333333333333333
17 0.5421875 0.41944444444444445 0.021875 0.027777777777777776
5 0.5390625 0.4527777777777778 0.028125 0.04722222222222222
5 0.553125 0.4722222222222222 0.0234375 0.044444444444444446
17 0.5046875 0.46111111111111114 0.0203125 0.04722222222222222
9 0.465625 0.44166666666666665 0.0296875 0.06111111111111111
11 0.459375 0.39444444444444443 0.021875 0.05
19 0.484375 0.38333333333333336 0.0203125 0.03333333333333333
19 0.5015625 0.4222222222222222 0.0265625 0.05277777777777778
0 0.5265625 0.38333333333333336 0.0234375 0.03611111111111111
5 0.525 0.41944444444444445 0.0171875 0.03333333333333333
4 0.496875 0.325 0.01875 0.03611111111111111
4 0.4796875 0.3333333333333333 0.01875 0.03611111111111111
5 0.4890625 0.3638888888888889 0.0140625 0.008333333333333333
7 0.4234375 0.38055555555555554 0.0171875 0.03333333333333333
17 0.4421875 0.4 0.0109375 0.03611111111111111
9 0.4265625 0.41388888888888886 0.0265625 0.041666666666666664
5 0.3921875 0.41944444444444445 0.01875 0.03333333333333333
5 0.3921875 0.39444444444444443 0.01875 0.013888888888888888
9 0.3953125 0.38055555555555554 0.0203125 0.03888888888888889
15 0.4046875 0.3611111111111111 0.0171875 0.022222222222222223
11 0.41875 0.33055555555555555 0.0140625 0.022222222222222223
17 0.309375 0.39166666666666666 0.015625 0.030555555555555555
9 0.390625 0.3194444444444444 0.0125 0.013888888888888888
19 0.4265625 0.3527777777777778 0.015625 0.022222222222222223
18 0.45625 0.36944444444444446 0.021875 0.022222222222222223
19 0.45 0.34444444444444444 0.0125 0.019444444444444445
17 0.4625 0.3527777777777778 0.009375 0.008333333333333333
9 0.509375 0.37222222222222223 0.0171875 0.03888888888888889