5 0.2125 0.8555555555555555 0.1 0.16944444444444445
5 0.3484375 0.8694444444444445 0.0890625 0.175
15 0.46875 0.8666666666666667 0.0984375 0.19166666666666668
5 0.671875 0.9222222222222223 0.1234375 0.14166666666666666
15 0.7640625 0.875 0.128125 0.18333333333333332
19 0.7421875 0.7611111111111111 0.084375 0.17222222222222222
5 0.678125 0.7277777777777777 0.05625 0.10277777777777777
5 0.6484375 0.6861111111111111 0.06875 0.10833333333333334
17 0.5671875 0.7 0.046875 0.1111111111111111
9 0.496875 0.7 0.0765625 0.11944444444444445
19 0.3953125 0.6944444444444444 0.0828125 0.17777777777777778
17 0.3234375 0.7055555555555556 0.0546875 0.125
9 0.390625 0.5972222222222222 0.071875 0.1111111111111111
5 0.60625 0.8361111111111111 0.1015625 0.16111111111111112
5 0.2375 0.7722222222222223 0.090625 0.14722222222222223
11 0.25 0.65 0.0765625 0.16666666666666666
15 0.3109375 0.6 0.0453125 0.08055555555555556
5 0.30625 0.5527777777777778 0.0484375 0.03611111111111111
19 0.31875 0.5027777777777778 0.0421875 0.075
7 0.3828125 0.5083333333333333 0.0421875 0.07777777777777778
11 0.4640625 0.5472222222222223 0.053125 0.13333333333333333
19 0.51875 0.5222222222222223 0.0484375 0.08333333333333333
4 0.5125 0.4166666666666667 0.053125 0.10555555555555556
4 0.503125 0.3472222222222222 0.040625 0.06944444444444445
4 0.5515625 0.3972222222222222 0.04375 0.09166666666666666
4 0.4453125 0.3416666666666667 0.028125 0.04722222222222222
4 0.4 0.3277777777777778 0.025 0.044444444444444446
11 0.375 0.3972222222222222 0.0265625 0.041666666666666664
9 0.3921875 0.45 0.0359375 0.044444444444444446
9 0.44375 0.43333333333333335 0.0296875 0.05
9 0.4484375 0.3861111111111111 0.0203125 0.03888888888888889
19 0.4078125 0.425 0.028125 0.04722222222222222
18 0.45625 0.4861111111111111 0.0453125 0.06111111111111111
19 0.559375 0.6138888888888889 0.065625 0.125
11 0.5734375 0.6527777777777778 0.05625 0.08888888888888889
9 0.475 0.6611111111111111 0.065625 0.14444444444444443
15 0.1734375 0.5 0.05 0.06666666666666667
15 0.2015625 0.45555555555555555 0.040625 0.041666666666666664
10 0.2796875 0.37777777777777777 0.0125 0.041666666666666664
5 0.3046875 0.3888888888888889 0.0234375 0.030555555555555555
5 0.3328125 0.35555555555555557 0.01875 0.019444444444444445
4 0.45 0.28888888888888886 0.01875 0.027777777777777776
0 0.6203125 0.5222222222222223 0.05625 0.07777777777777778
9 0.6453125 0.5555555555555556 0.04375 0.05
17 0.7296875 0.6472222222222223 0.0515625 0.03611111111111111
17 0.7015625 0.625 0.04375 0.06944444444444445
17 0.65625 0.6055555555555555 0.05625 0.06111111111111111
5 0.596875 0.7611111111111111 0.084375 0.11944444444444445
15 0.496875 0.7916666666666666 0.090625 0.16111111111111112