17 0.0671875 0.7444444444444445 0.071875 0.14166666666666666
17 0.2359375 0.725 0.0609375 0.125
17 0.2484375 0.6472222222222223 0.0421875 0.08333333333333333
17 0.2859375 0.5694444444444444 0.0296875 0.07222222222222222
17 0.1109375 0.6388888888888888 0.0625 0.09166666666666666
17 0.16875 0.6777777777777778 0.0578125 0.10555555555555556
5 0.4015625 0.5972222222222222 0.0453125 0.07777777777777778
5 0.459375 0.6027777777777777 0.0453125 0.08333333333333333
15 0.5109375 0.5972222222222222 0.04375 0.08888888888888889
19 0.475 0.5194444444444445 0.034375 0.06944444444444445
5 0.4546875 0.5583333333333333 0.0359375 0.06388888888888888
5 0.409375 0.5611111111111111 0.0390625 0.06666666666666667
11 0.4109375 0.5055555555555555 0.0359375 0.06944444444444445
7 0.4640625 0.44722222222222224 0.0171875 0.03888888888888889
11 0.5 0.46111111111111114 0.0234375 0.058333333333333334
19 0.5234375 0.44722222222222224 0.021875 0.03611111111111111
19 0.6234375 0.5444444444444444 0.0375 0.08055555555555556
15 0.6375 0.5916666666666667 0.0578125 0.08055555555555556
5 0.6 0.6222222222222222 0.05625 0.08055555555555556
5 0.5671875 0.5805555555555556 0.0453125 0.07222222222222222
9 0.51875 0.5222222222222223 0.0390625 0.05277777777777778
5 0.5203125 0.5638888888888889 0.0390625 0.06944444444444445
5 0.5625 0.5416666666666666 0.034375 0.044444444444444446
18 0.39375 0.9166666666666666 0.353125 0.16111111111111112
13 0.628125 0.9305555555555556 0.103125 0.10555555555555556
17 0.28125 0.5333333333333333 0.0296875 0.05555555555555555
4 0.1921875 0.5638888888888889 0.1078125 0.12777777777777777
15 0.2125 0.6138888888888889 0.090625 0.08888888888888889
17 0.653125 0.5361111111111111 0.028125 0.06388888888888888
17 0.615625 0.49444444444444446 0.0234375 0.025
17 0.6015625 0.48333333333333334 0.0203125 0.030555555555555555
17 0.5828125 0.4722222222222222 0.0265625 0.022222222222222223
5 0.5796875 0.5055555555555555 0.0296875 0.041666666666666664
0 0.5609375 0.4444444444444444 0.0234375 0.03888888888888889
5 0.4359375 0.4861111111111111 0.0203125 0.03888888888888889
1 0.175 0.5138888888888888 0.0890625 0.09444444444444444
5 0.434375 0.4861111111111111 0.021875 0.03888888888888889
9 0.4359375 0.4444444444444444 0.021875 0.03333333333333333
9 0.4328125 0.4638888888888889 0.0234375 0.016666666666666666
19 0.471875 0.4361111111111111 0.01875 0.03611111111111111
17 0.484375 0.4638888888888889 0.015625 0.03611111111111111
19 0.5421875 0.48333333333333334 0.0265625 0.058333333333333334
4 0.515625 0.3972222222222222 0.0234375 0.041666666666666664
19 0.4875 0.40555555555555556 0.015625 0.025
19 0.471875 0.4027777777777778 0.0109375 0.019444444444444445
19 0.453125 0.4083333333333333 0.0140625 0.016666666666666666
5 0.4453125 0.425 0.015625 0.016666666666666666
4 0.5328125 0.38333333333333336 0.0171875 0.027777777777777776
4 0.5109375 0.38055555555555554 0.01875 0.05277777777777778
4 0.3078125 0.46944444444444444 0.0546875 0.06111111111111111
17 0.3 0.5055555555555555 0.0234375 0.044444444444444446
5 0.33125 0.5388888888888889 0.040625 0.058333333333333334
5 0.3515625 0.4777777777777778 0.034375 0.041666666666666664
9 0.4 0.40555555555555556 0.0171875 0.022222222222222223
9 0.3734375 0.4305555555555556 0.01875 0.025
11 0.4578125 0.39166666666666666 0.0125 0.013888888888888888
9 0.4734375 0.3888888888888889 0.009375 0.016666666666666666
19 0.4875 0.3861111111111111 0.009375 0.019444444444444445
5 0.421875 0.4 0.0140625 0.019444444444444445
17 0.0875 0.5833333333333334 0.0515625 0.08055555555555556