10 0.0984375 0.7444444444444445 0.034375 0.11388888888888889
10 0.1703125 0.7722222222222223 0.0328125 0.12777777777777777
10 0.1984375 0.7388888888888889 0.028125 0.1111111111111111
10 0.25 0.48333333333333334 0.0171875 0.044444444444444446
5 0.0671875 0.6444444444444445 0.08125 0.08333333333333333
10 0.6015625 0.8583333333333333 0.0453125 0.17777777777777778
10 0.6484375 0.8222222222222222 0.046875 0.12222222222222222
10 0.6984375 0.8305555555555556 0.05 0.08888888888888889
10 0.715625 0.55 0.0203125 0.03611111111111111
10 0.9625 0.7305555555555555 0.0265625 0.075
10 0.821875 0.625 0.0171875 0.03888888888888889
17 0.2765625 0.5833333333333334 0.034375 0.08888888888888889
17 0.290625 0.48333333333333334 0.0203125 0.04722222222222222
17 0.746875 0.7583333333333333 0.08125 0.09166666666666666
17 0.878125 0.8638888888888889 0.096875 0.18333333333333332
17 0.85 0.7916666666666666 0.08125 0.125
17 0.7828125 0.7 0.0578125 0.10277777777777777
17 0.8265625 0.7416666666666667 0.071875 0.1111111111111111
17 0.7859375 0.6305555555555555 0.05 0.05277777777777778
17 0.8609375 0.6416666666666667 0.059375 0.06666666666666667
17 0.75 0.6055555555555555 0.0453125 0.05555555555555555
17 0.65 0.5611111111111111 0.040625 0.03888888888888889
17 0.8984375 0.6694444444444444 0.0609375 0.058333333333333334
15 0.71875 0.6333333333333333 0.075 0.08611111111111111
5 0.671875 0.6527777777777778 0.075 0.06388888888888888
5 0.6046875 0.6722222222222223 0.0640625 0.09166666666666666
5 0.5578125 0.7111111111111111 0.08125 0.11944444444444445
5 0.9046875 0.7472222222222222 0.1234375 0.15
5 0.9734375 0.8444444444444444 0.0484375 0.14166666666666666
5 0.6859375 0.9333333333333333 0.13125 0.13055555555555556
5 0.76875 0.8638888888888889 0.1328125 0.15833333333333333
5 0.846875 0.9527777777777777 0.1578125 0.08611111111111111
5 0.9734375 0.95 0.0484375 0.08888888888888889
9 0.6328125 0.6 0.0671875 0.06388888888888888
5 0.6765625 0.5972222222222222 0.0484375 0.05277777777777778
5 0.7265625 0.5805555555555556 0.053125 0.03333333333333333
9 0.68125 0.5583333333333333 0.05 0.044444444444444446
17 0.6375 0.5472222222222223 0.0328125 0.041666666666666664
9 0.6046875 0.5361111111111111 0.040625 0.04722222222222222
15 0.596875 0.5722222222222222 0.053125 0.07777777777777778
9 0.659375 0.7222222222222222 0.096875 0.13055555555555556
5 0.7296875 0.7111111111111111 0.0921875 0.09444444444444444
5 0.525 0.6555555555555556 0.0609375 0.10555555555555556
19 0.48125 0.5611111111111111 0.05 0.1
5 0.3484375 0.6027777777777777 0.0515625 0.08611111111111111
5 0.3515625 0.5222222222222223 0.0453125 0.05277777777777778
5 0.346875 0.4583333333333333 0.028125 0.041666666666666664
5 0.3109375 0.41388888888888886 0.01875 0.030555555555555555
11 0.3515625 0.38055555555555554 0.015625 0.041666666666666664
5 0.33125 0.38333333333333336 0.0109375 0.019444444444444445
5 0.325 0.375 0.0109375 0.019444444444444445
17 0.30625 0.36666666666666664 0.0109375 0.019444444444444445
5 0.5953125 0.8 0.1 0.15833333333333333
4 0.615625 0.475 0.0921875 0.09166666666666666
18 0.5421875 0.475 0.05 0.07222222222222222
9 0.45 0.5083333333333333 0.0265625 0.07222222222222222
9 0.4671875 0.4666666666666667 0.0296875 0.04722222222222222
4 0.48125 0.4083333333333333 0.04375 0.05277777777777778
17 0.503125 0.475 0.0203125 0.03333333333333333
11 0.4546875 0.41388888888888886 0.025 0.03611111111111111
9 0.41875 0.4666666666666667 0.0203125 0.05555555555555555
11 0.403125 0.4166666666666667 0.0171875 0.044444444444444446
9 0.4234375 0.40555555555555556 0.0171875 0.025
11 0.4234375 0.3972222222222222 0.01875 0.041666666666666664
5 0.5484375 0.5222222222222223 0.034375 0.03888888888888889
5 0.51875 0.5694444444444444 0.0265625 0.06666666666666667
17 0.54375 0.5805555555555556 0.0375 0.06666666666666667
5 0.4953125 0.6138888888888889 0.0515625 0.08055555555555556
4 0.1890625 0.6027777777777777 0.096875 0.20555555555555555