17 0.8125 0.6083333333333333 0.0921875 0.09444444444444444
17 0.9515625 0.7055555555555556 0.084375 0.1638888888888889
17 0.93125 0.6472222222222223 0.0875 0.1388888888888889
17 0.8515625 0.5527777777777778 0.0765625 0.12777777777777777
17 0.859375 0.4638888888888889 0.05625 0.06944444444444445
17 0.9296875 0.475 0.0625 0.06666666666666667
17 0.975 0.49166666666666664 0.04375 0.03333333333333333
17 0.80625 0.42777777777777776 0.0515625 0.06388888888888888
17 0.7015625 0.3972222222222222 0.0390625 0.03888888888888889
10 0.65 0.7333333333333333 0.0515625 0.19166666666666668
11 0.3765625 0.2916666666666667 0.0421875 0.09444444444444444
5 0.3078125 0.3 0.0296875 0.03888888888888889
5 0.05 0.5083333333333333 0.0765625 0.09444444444444444
5 0.75 0.8583333333333333 0.15 0.25
9 0.8640625 0.9083333333333333 0.2171875 0.18055555555555555
5 0.8390625 0.7305555555555555 0.1484375 0.16111111111111112
5 0.9203125 0.8722222222222222 0.15 0.19722222222222222
5 0.9609375 0.5583333333333333 0.0703125 0.08888888888888889
5 0.7953125 0.5611111111111111 0.1109375 0.09166666666666666
9 0.7125 0.5777777777777777 0.103125 0.15
5 0.596875 0.5694444444444444 0.090625 0.13055555555555556
4 0.628125 0.2916666666666667 0.09375 0.09444444444444444
5 0.76875 0.4027777777777778 0.0609375 0.044444444444444446
15 0.6828125 0.4444444444444444 0.075 0.07222222222222222
5 0.6109375 0.4666666666666667 0.065625 0.075
17 0.584375 0.4222222222222222 0.0390625 0.07222222222222222
19 0.5140625 0.4111111111111111 0.0625 0.11666666666666667
11 0.5765625 0.30833333333333335 0.046875 0.06666666666666667
11 0.478125 0.2388888888888889 0.0296875 0.044444444444444446
18 0.421875 0.23333333333333334 0.025 0.04722222222222222
18 0.36875 0.2 0.0171875 0.03888888888888889
5 0.35625 0.24166666666666667 0.0203125 0.027777777777777776
4 0.509375 0.225 0.04375 0.05555555555555555
19 0.49375 0.3 0.0375 0.06111111111111111
9 0.6515625 0.36944444444444446 0.05 0.058333333333333334
5 0.675 0.3472222222222222 0.0375 0.030555555555555555
5 0.7109375 0.36944444444444446 0.046875 0.041666666666666664
15 0.640625 0.4111111111111111 0.05625 0.08611111111111111
9 0.590625 0.3638888888888889 0.04375 0.05
5 0.5265625 0.46944444444444444 0.05625 0.09166666666666666
5 0.5609375 0.5111111111111111 0.0703125 0.11666666666666667
5 0.6390625 0.6694444444444444 0.1109375 0.18333333333333332
10 0.696875 0.7194444444444444 0.046875 0.18611111111111112
10 0.7546875 0.6916666666666667 0.059375 0.1
5 0.9078125 0.5083333333333333 0.0765625 0.05555555555555555
9 0.4734375 0.3472222222222222 0.0375 0.08055555555555556
5 0.559375 0.4111111111111111 0.04375 0.06666666666666667
5 0.6546875 0.5194444444444445 0.0796875 0.09444444444444444
10 0.2875 0.21944444444444444 0.0078125 0.022222222222222223
17 0.296875 0.20277777777777778 0.009375 0.022222222222222223
17 0.3109375 0.2 0.0125 0.025
4 0.56875 0.25555555555555554 0.0296875 0.03888888888888889
15 0.4390625 0.3 0.021875 0.05555555555555555
11 0.4234375 0.2388888888888889 0.0234375 0.06111111111111111
5 0.3203125 0.7027777777777777 0.1015625 0.16944444444444445