11 0.5703125 0.5027777777777778 0.0515625 0.13055555555555556
5 0.5078125 0.4777777777777778 0.0359375 0.05277777777777778
5 0.396875 0.4638888888888889 0.0390625 0.041666666666666664
17 0.3046875 0.5694444444444444 0.04375 0.08611111111111111
17 0.3328125 0.5277777777777778 0.0359375 0.07222222222222222
17 0.2453125 0.6388888888888888 0.0703125 0.06666666666666667
17 0.8875 0.6166666666666667 0.053125 0.09166666666666666
17 0.85625 0.5472222222222223 0.0515625 0.058333333333333334
17 0.871875 0.5805555555555556 0.0578125 0.07222222222222222
17 0.8296875 0.5222222222222223 0.0359375 0.04722222222222222
17 0.8328125 0.4861111111111111 0.034375 0.03888888888888889
17 0.8140625 0.46111111111111114 0.0265625 0.03888888888888889
17 0.8 0.5555555555555556 0.0484375 0.05277777777777778
17 0.7796875 0.4388888888888889 0.0234375 0.022222222222222223
10 0.7046875 0.6083333333333333 0.028125 0.09722222222222222
10 0.7375 0.5916666666666667 0.0203125 0.06388888888888888
10 0.7546875 0.5805555555555556 0.01875 0.05277777777777778
10 0.7703125 0.5972222222222222 0.03125 0.05277777777777778
10 0.9703125 0.5527777777777778 0.0359375 0.05555555555555555
10 0.496875 0.3527777777777778 0.00625 0.019444444444444445
17 0.5015625 0.3416666666666667 0.0078125 0.016666666666666666
17 0.5171875 0.3416666666666667 0.0078125 0.019444444444444445
5 0.5296875 0.3472222222222222 0.0109375 0.016666666666666666
5 0.55 0.3416666666666667 0.0109375 0.025
5 0.4125 0.6583333333333333 0.0703125 0.058333333333333334
5 0.9265625 0.9583333333333334 0.134375 0.07777777777777778
5 0.815625 0.6166666666666667 0.0859375 0.08611111111111111
5 0.7625 0.6638888888888889 0.0828125 0.09722222222222222
5 0.9625 0.6166666666666667 0.0703125 0.075
5 0.9609375 0.6916666666666667 0.075 0.06944444444444445
19 0.8171875 0.6916666666666667 0.0953125 0.05
5 0.703125 0.575 0.0625 0.08888888888888889
5 0.9078125 0.55 0.078125 0.08055555555555556
5 0.7921875 0.5222222222222223 0.0546875 0.030555555555555555
9 0.746875 0.5305555555555556 0.059375 0.07777777777777778
5 0.6796875 0.5222222222222223 0.0515625 0.06388888888888888
4 0.684375 0.3611111111111111 0.0359375 0.03333333333333333
4 0.6609375 0.35555555555555557 0.009375 0.025
4 0.634375 0.33055555555555555 0.025 0.022222222222222223
15 0.7140625 0.5 0.0421875 0.05
5 0.7546875 0.4888888888888889 0.0421875 0.03333333333333333
15 0.73125 0.4583333333333333 0.04375 0.03611111111111111
17 0.675 0.44166666666666665 0.0203125 0.03333333333333333
17 0.7421875 0.4361111111111111 0.0234375 0.019444444444444445
15 0.709375 0.4361111111111111 0.03125 0.03611111111111111
5 0.6609375 0.4888888888888889 0.040625 0.06111111111111111
5 0.64375 0.4638888888888889 0.03125 0.05
19 0.634375 0.43333333333333335 0.0359375 0.06111111111111111
11 0.671875 0.38055555555555554 0.028125 0.03333333333333333
9 0.6125 0.3972222222222222 0.0203125 0.03611111111111111
11 0.61875 0.3416666666666667 0.015625 0.022222222222222223
15 0.5953125 0.37222222222222223 0.0109375 0.027777777777777776
15 0.7140625 0.41944444444444445 0.025 0.027777777777777776
15 0.678125 0.4111111111111111 0.0234375 0.022222222222222223
5 0.659375 0.4388888888888889 0.0125 0.03888888888888889
19 0.625 0.36944444444444446 0.01875 0.016666666666666666
5 0.5890625 0.35833333333333334 0.0125 0.019444444444444445
11 0.5859375 0.3333333333333333 0.015625 0.019444444444444445
4 0.6 0.3111111111111111 0.0109375 0.019444444444444445
17 0.540625 0.325 0.0078125 0.016666666666666666
17 0.528125 0.3138888888888889 0.0078125 0.013888888888888888
5 0.54375 0.3055555555555556 0.00625 0.008333333333333333
5 0.5578125 0.32222222222222224 0.009375 0.013888888888888888