15 0.5041666666666667 0.41875 0.1625 0.078125
5 0.32708333333333334 0.4078125 0.12708333333333333 0.065625
10 0.6375 0.409375 0.041666666666666664 0.065625
5 0.03125 0.3875 0.0625 0.05
11 0.14375 0.371875 0.08541666666666667 0.0875
5 0.24791666666666667 0.396875 0.09375 0.053125
5 0.5708333333333333 0.409375 0.08958333333333333 0.06875
5 0.4083333333333333 0.4 0.075 0.0546875
4 0.9145833333333333 0.371875 0.16458333333333333 0.0375
5 0.08541666666666667 0.38125 0.03125 0.04375
4 0.075 0.35 0.052083333333333336 0.046875
5 0.22291666666666668 0.3859375 0.05416666666666667 0.040625