9 0.3921875 0.8277777777777777 0.209375 0.2111111111111111
10 0.3421875 0.9444444444444444 0.1546875 0.10555555555555556
5 0.7140625 0.8694444444444445 0.203125 0.2222222222222222
9 0.8203125 0.8805555555555555 0.2375 0.23055555555555557
15 0.93125 0.7083333333333334 0.1328125 0.18055555555555555
11 0.4703125 0.675 0.128125 0.14722222222222223
13 0.603125 0.5666666666666667 0.0640625 0.10833333333333334
15 0.5703125 0.45 0.0796875 0.075
9 0.7 0.4527777777777778 0.06875 0.058333333333333334
14 0.721875 0.5222222222222223 0.0390625 0.05555555555555555
3 0.7890625 0.6 0.05625 0.09444444444444444
3 0.8859375 0.6 0.0546875 0.09722222222222222
5 0.13125 0.5972222222222222 0.071875 0.10555555555555556
5 0.1703125 0.5444444444444444 0.065625 0.08333333333333333
19 0.1546875 0.49444444444444446 0.0484375 0.08333333333333333
15 0.02265625 0.5847222222222223 0.0453125 0.11388888888888889
5 0.0875 0.5527777777777778 0.05625 0.08611111111111111
5 0.078125 0.5055555555555555 0.05 0.058333333333333334
5 0.0984375 0.46111111111111114 0.0359375 0.04722222222222222
9 0.0453125 0.43333333333333335 0.04375 0.06388888888888888
17 0.184375 0.4888888888888889 0.0375 0.06944444444444445
5 0.0890625 0.55 0.05625 0.08055555555555556
5 0.0265625 0.5361111111111111 0.0515625 0.07222222222222222
19 0.0203125 0.4027777777777778 0.034375 0.05
0 0.0734375 0.3972222222222222 0.0359375 0.05277777777777778
17 0.125 0.4388888888888889 0.03125 0.03611111111111111