13 0.2875 0.7166666666666667 0.2390625 0.5583333333333333
4 0.2734375 0.39444444444444443 0.3984375 0.3638888888888889
10 0.1734375 0.5472222222222223 0.09375 0.2638888888888889
4 0.4796875 0.39444444444444443 0.0828125 0.20555555555555555
13 0.51875 0.42777777777777776 0.05 0.08888888888888889
13 0.559375 0.42777777777777776 0.0359375 0.07777777777777778
13 0.59375 0.42777777777777776 0.0359375 0.07777777777777778
13 0.9359375 0.48333333333333334 0.0640625 0.13333333333333333
13 0.778125 0.4388888888888889 0.0546875 0.10833333333333334
13 0.871875 0.4444444444444444 0.04375 0.09166666666666666
11 0.66875 0.43333333333333335 0.1109375 0.08611111111111111
13 0.93125 0.7666666666666667 0.121875 0.45