15 0.446875 0.46111111111111114 0.0578125 0.12222222222222222
13 0.7390625 0.44166666666666665 0.0640625 0.10555555555555556
13 0.8078125 0.45 0.0546875 0.10555555555555556
13 0.8515625 0.45555555555555555 0.0390625 0.1
13 0.8875 0.46944444444444444 0.0234375 0.058333333333333334
10 0.075 0.5222222222222223 0.0390625 0.10277777777777777
5 0.140625 0.43333333333333335 0.0625 0.08888888888888889
10 0.0515625 0.4444444444444444 0.0265625 0.08888888888888889
10 0.19375 0.325 0.0203125 0.05555555555555555
10 0.1609375 0.3333333333333333 0.0234375 0.058333333333333334
17 0.2234375 0.31666666666666665 0.0171875 0.06111111111111111
17 0.2859375 0.2361111111111111 0.015625 0.03611111111111111
17 0.3734375 0.3194444444444444 0.0234375 0.05555555555555555
17 0.4171875 0.25 0.0140625 0.03888888888888889
17 0.48125 0.3111111111111111 0.0234375 0.05277777777777778
17 0.5375 0.2777777777777778 0.0203125 0.041666666666666664
17 0.5515625 0.2861111111111111 0.021875 0.022222222222222223
5 0.321875 0.4111111111111111 0.05 0.08055555555555556
5 0.3828125 0.41944444444444445 0.0515625 0.08888888888888889
5 0.5328125 0.4222222222222222 0.05625 0.08611111111111111
15 0.5671875 0.38333333333333336 0.0515625 0.08055555555555556
15 0.45 0.375 0.046875 0.07222222222222222
5 0.3859375 0.35555555555555557 0.040625 0.058333333333333334
19 0.40625 0.30833333333333335 0.0375 0.07777777777777778
11 0.340625 0.2916666666666667 0.034375 0.075
5 0.3390625 0.3472222222222222 0.0421875 0.06388888888888888
5 0.5 0.37222222222222223 0.0453125 0.06944444444444445
5 0.5296875 0.3194444444444444 0.021875 0.04722222222222222
5 0.5171875 0.3 0.0296875 0.04722222222222222
19 0.4515625 0.31666666666666665 0.0359375 0.06111111111111111
19 0.440625 0.29444444444444445 0.0296875 0.06666666666666667
9 0.4015625 0.26944444444444443 0.0296875 0.05277777777777778
5 0.3671875 0.2722222222222222 0.0203125 0.03611111111111111
19 0.478125 0.2722222222222222 0.028125 0.06111111111111111
11 0.4828125 0.28888888888888886 0.0265625 0.03888888888888889
5 0.49375 0.3333333333333333 0.0375 0.04722222222222222
17 0.51875 0.2722222222222222 0.025 0.03611111111111111
5 0.5015625 0.26666666666666666 0.0203125 0.03611111111111111
0 0.503125 0.23333333333333334 0.025 0.03888888888888889
19 0.459375 0.23333333333333334 0.021875 0.041666666666666664
11 0.4359375 0.24722222222222223 0.0234375 0.06388888888888888
9 0.5140625 0.24444444444444444 0.0203125 0.016666666666666666
4 0.4546875 0.18333333333333332 0.021875 0.04722222222222222
4 0.471875 0.175 0.0203125 0.03888888888888889
4 0.45 0.1527777777777778 0.0171875 0.03611111111111111
19 0.475 0.19444444444444445 0.0125 0.025
7 0.3984375 0.22777777777777777 0.01875 0.03333333333333333
5 0.365625 0.24722222222222223 0.021875 0.016666666666666666
9 0.36875 0.22777777777777777 0.025 0.03611111111111111
19 0.3859375 0.19166666666666668 0.0203125 0.025
11 0.3921875 0.17222222222222222 0.0140625 0.013888888888888888
19 0.4078125 0.18611111111111112 0.0125 0.016666666666666666
9 0.4015625 0.2 0.0140625 0.022222222222222223
19 0.4078125 0.2222222222222222 0.0203125 0.03611111111111111
5 0.43125 0.18333333333333332 0.0109375 0.016666666666666666
4 0.425 0.14722222222222223 0.0140625 0.019444444444444445
15 0.475 0.22777777777777777 0.0125 0.022222222222222223
5 0.2765625 0.2222222222222222 0.028125 0.027777777777777776
14 0.334375 0.18055555555555555 0.00625 0.019444444444444445
13 0.325 0.17777777777777778 0.00625 0.019444444444444445
1 0.0859375 0.30277777777777776 0.0953125 0.11388888888888889