13 0.325 0.6083333333333333 0.334375 0.7305555555555555
13 0.6890625 0.4388888888888889 0.2015625 0.5388888888888889
4 0.1375 0.41944444444444445 0.275 0.8388888888888889
13 0.5734375 0.2638888888888889 0.10625 0.3194444444444444
11 0.4515625 0.18888888888888888 0.1484375 0.25833333333333336
4 0.26875 0.10138888888888889 0.153125 0.20277777777777778
4 0.3640625 0.07222222222222222 0.1375 0.11944444444444445
4 0.51875 0.11388888888888889 0.1109375 0.16666666666666666
13 0.6328125 0.16666666666666666 0.059375 0.09722222222222222
18 0.834375 0.18333333333333332 0.2296875 0.3055555555555556
10 0.9390625 0.2861111111111111 0.1125 0.225
9 0.6765625 0.1361111111111111 0.0703125 0.09166666666666666
4 0.6140625 0.09166666666666666 0.05 0.09166666666666666
13 0.2625 0.17222222222222222 0.0875 0.14722222222222223