13 0.5046875 0.8694444444444445 0.125 0.19444444444444445
13 0.3109375 0.8722222222222222 0.1328125 0.17777777777777778
13 0.165625 0.9 0.1453125 0.17777777777777778
13 0.15 0.8111111111111111 0.1203125 0.15555555555555556
13 0.0703125 0.7694444444444445 0.06875 0.15833333333333333
5 0.2421875 0.7361111111111112 0.1421875 0.14444444444444443
5 0.09375 0.7027777777777777 0.1140625 0.1111111111111111
5 0.1375 0.6611111111111111 0.1015625 0.1
5 0.1 0.5666666666666667 0.075 0.07777777777777778
5 0.2328125 0.42777777777777776 0.0328125 0.03888888888888889
13 0.115625 0.4638888888888889 0.021875 0.05555555555555555
1 0.0515625 0.46111111111111114 0.096875 0.10833333333333334
5 0.2984375 0.5416666666666666 0.0453125 0.07777777777777778
5 0.359375 0.5472222222222223 0.0453125 0.08055555555555556
10 0.171875 0.4083333333333333 0.015625 0.03611111111111111
13 0.8609375 0.675 0.0484375 0.10555555555555556
13 0.8453125 0.6083333333333333 0.0671875 0.1
15 0.4125 0.5388888888888889 0.04375 0.09444444444444444
5 0.503125 0.5638888888888889 0.0546875 0.09166666666666666
15 0.54375 0.5305555555555556 0.053125 0.08333333333333333
19 0.53125 0.48055555555555557 0.0359375 0.07222222222222222
5 0.475 0.5194444444444445 0.040625 0.06944444444444445
5 0.46875 0.48333333333333334 0.0375 0.04722222222222222
5 0.4921875 0.4527777777777778 0.0265625 0.05
15 0.4265625 0.5 0.040625 0.06111111111111111
19 0.3796875 0.46111111111111114 0.03125 0.075
17 0.5125 0.42777777777777776 0.0171875 0.03333333333333333
9 0.4171875 0.4444444444444444 0.0328125 0.06388888888888888
17 0.45625 0.46111111111111114 0.0203125 0.05
9 0.4515625 0.425 0.028125 0.06388888888888888
11 0.409375 0.3972222222222222 0.021875 0.058333333333333334
9 0.3765625 0.41388888888888886 0.03125 0.03611111111111111
7 0.371875 0.38333333333333336 0.0171875 0.03333333333333333
17 0.3921875 0.3972222222222222 0.0125 0.025
19 0.434375 0.3861111111111111 0.0171875 0.03611111111111111
9 0.45 0.37777777777777777 0.0109375 0.019444444444444445
5 0.4765625 0.4166666666666667 0.0171875 0.03888888888888889
17 0.49375 0.41944444444444445 0.0203125 0.030555555555555555
17 0.525 0.4361111111111111 0.021875 0.019444444444444445
0 0.478125 0.38333333333333336 0.021875 0.03333333333333333
5 0.309375 0.5 0.0390625 0.06111111111111111
11 0.3125 0.4444444444444444 0.0359375 0.075
17 0.346875 0.4722222222222222 0.0234375 0.05277777777777778
5 0.3390625 0.4222222222222222 0.0203125 0.03333333333333333
9 0.3421875 0.38055555555555554 0.025 0.03333333333333333