5 0.85 0.45625 0.29791666666666666 0.29375
5 0.3770833333333333 0.3109375 0.14375 0.0671875
5 0.4166666666666667 0.296875 0.06875 0.0453125
5 0.08333333333333333 0.296875 0.07083333333333333 0.040625
5 0.18333333333333332 0.2890625 0.04375 0.0296875
10 0.23541666666666666 0.2953125 0.03125 0.046875
5 0.27708333333333335 0.2875 0.03125 0.025
17 0.11458333333333333 0.2890625 0.04375 0.040625
3 0.03125 0.2921875 0.022916666666666665 0.04375
10 0.15208333333333332 0.2828125 0.01875 0.028125
4 0.0875 0.2640625 0.020833333333333332 0.0078125
11 0.17916666666666667 0.2640625 0.041666666666666664 0.021875
10 0.2125 0.290625 0.027083333333333334 0.0453125
4 0.11458333333333333 0.2625 0.025 0.0109375
5 0.25416666666666665 0.290625 0.04791666666666667 0.0375
4 0.30416666666666664 0.265625 0.03333333333333333 0.0125