9 0.2703125 0.8777777777777778 0.215625 0.23055555555555557
10 0.4 0.9083333333333333 0.0640625 0.16944444444444445
5 0.4765625 0.7333333333333333 0.1203125 0.16111111111111112
5 0.5734375 0.8333333333333334 0.1328125 0.2
9 0.6078125 0.6777777777777778 0.1 0.16111111111111112
15 0.5859375 0.6083333333333333 0.096875 0.11388888888888889
17 0.7484375 0.7888888888888889 0.0578125 0.16944444444444445
13 0.659375 0.8861111111111111 0.06875 0.2222222222222222
17 0.66875 0.5694444444444444 0.0453125 0.1
17 0.7265625 0.5416666666666666 0.0359375 0.07222222222222222
11 0.7015625 0.5166666666666667 0.05 0.07222222222222222
18 0.7890625 0.5 0.0640625 0.14444444444444443
18 0.7421875 0.6361111111111111 0.103125 0.13055555555555556
13 0.703125 0.7083333333333334 0.04375 0.1361111111111111
13 0.8078125 0.6611111111111111 0.0359375 0.14722222222222223
14 0.1859375 0.75 0.0671875 0.1111111111111111
13 0.15625 0.6555555555555556 0.0875 0.10833333333333334
15 0.1234375 0.5388888888888889 0.0890625 0.08333333333333333
14 0.284375 0.5888888888888889 0.0375 0.04722222222222222
5 0.7484375 0.4861111111111111 0.03125 0.06944444444444445
5 0.7765625 0.5666666666666667 0.0578125 0.058333333333333334
5 0.8265625 0.4361111111111111 0.03125 0.03888888888888889
5 0.84375 0.4166666666666667 0.021875 0.03333333333333333
5 0.8484375 0.5222222222222223 0.034375 0.06388888888888888
5 0.66875 0.425 0.0453125 0.03888888888888889
9 0.2671875 0.5194444444444445 0.071875 0.06388888888888888