4 0.25 0.5638888888888889 0.384375 0.6833333333333333
10 0.69375 0.7694444444444445 0.078125 0.2777777777777778
5 0.553125 0.7277777777777777 0.090625 0.10833333333333334
5 0.4828125 0.7027777777777777 0.0359375 0.058333333333333334
19 0.60625 0.7 0.0578125 0.09444444444444444
4 0.5015625 0.6694444444444444 0.0359375 0.06666666666666667
4 0.6515625 0.6694444444444444 0.05625 0.06666666666666667
11 0.925 0.7333333333333333 0.14375 0.3277777777777778
15 0.75625 0.7194444444444444 0.075 0.11944444444444445
4 0.7703125 0.6694444444444444 0.1171875 0.09722222222222222
4 0.8703125 0.6805555555555556 0.0765625 0.10833333333333334