13 0.4546875 0.6055555555555555 0.1703125 0.30833333333333335
5 0.796875 0.55 0.146875 0.13055555555555556
4 0.9578125 0.49444444444444446 0.078125 0.25555555555555554
10 0.6265625 0.5305555555555556 0.071875 0.1111111111111111
5 0.1796875 0.48333333333333334 0.0546875 0.06388888888888888
13 0.225 0.4888888888888889 0.028125 0.08611111111111111
13 0.271875 0.48055555555555557 0.03125 0.08611111111111111
17 0.30625 0.4666666666666667 0.0296875 0.05555555555555555
4 0.2515625 0.4361111111111111 0.040625 0.09444444444444444
4 0.2109375 0.43333333333333335 0.0328125 0.07222222222222222
13 0.13125 0.4777777777777778 0.034375 0.08333333333333333
5 0.175 0.4361111111111111 0.0171875 0.016666666666666666
13 0.015625 0.49444444444444446 0.03125 0.08611111111111111
17 0.5203125 0.4888888888888889 0.0375 0.07777777777777778
13 0.378125 0.4777777777777778 0.046875 0.1361111111111111
13 0.440625 0.49166666666666664 0.059375 0.14444444444444443
4 0.4484375 0.44166666666666665 0.0796875 0.06666666666666667
5 0.5859375 0.5055555555555555 0.090625 0.07777777777777778
13 0.6890625 0.5222222222222223 0.071875 0.1111111111111111
4 0.7390625 0.4638888888888889 0.1375 0.09166666666666666
13 0.8359375 0.49444444444444446 0.078125 0.075
13 0.8859375 0.49722222222222223 0.0375 0.08055555555555556