5 0.3171875 0.8388888888888889 0.390625 0.30833333333333335
4 0.1828125 0.6222222222222222 0.3390625 0.25277777777777777
16 0.7265625 0.65 0.171875 0.12777777777777777
5 0.5515625 0.6638888888888889 0.165625 0.11388888888888889
17 0.640625 0.6333333333333333 0.0734375 0.09166666666666666
4 0.5640625 0.5916666666666667 0.1640625 0.08611111111111111
13 0.49375 0.6305555555555555 0.0546875 0.08055555555555556
10 0.440625 0.6444444444444445 0.046875 0.08611111111111111
13 0.8796875 0.5833333333333334 0.021875 0.05555555555555555
5 0.971875 0.6111111111111112 0.053125 0.075
15 0.9390625 0.5833333333333334 0.0390625 0.05555555555555555
17 0.75 0.5833333333333334 0.021875 0.022222222222222223
15 0.7703125 0.5833333333333334 0.0203125 0.027777777777777776
17 0.678125 0.6055555555555555 0.0328125 0.044444444444444446