10 0.028125 0.6583333333333333 0.021875 0.075
5 0.0921875 0.6333333333333333 0.040625 0.08611111111111111
5 0.1078125 0.6055555555555555 0.040625 0.07222222222222222
11 0.1703125 0.625 0.0640625 0.125
5 0.284375 0.6194444444444445 0.0640625 0.08333333333333333
5 0.315625 0.6055555555555555 0.0296875 0.05555555555555555
10 0.3421875 0.6305555555555555 0.03125 0.05277777777777778
10 0.3734375 0.6222222222222222 0.0265625 0.04722222222222222
15 0.8328125 0.6 0.0609375 0.09722222222222222
10 0.79375 0.5944444444444444 0.0125 0.03888888888888889
15 0.8953125 0.5694444444444444 0.0515625 0.075
3 0.903125 0.6277777777777778 0.0203125 0.06111111111111111
19 0.959375 0.6222222222222222 0.075 0.20555555555555555