5 0.084375 0.7555555555555555 0.1671875 0.3138888888888889
5 0.6953125 0.6388888888888888 0.2 0.18888888888888888
5 0.1890625 0.6027777777777777 0.13125 0.14444444444444443
5 0.3734375 0.5916666666666667 0.090625 0.13055555555555556
5 0.5484375 0.5722222222222222 0.0921875 0.09722222222222222
5 0.3171875 0.5555555555555556 0.0453125 0.06666666666666667
5 0.090625 0.5527777777777778 0.096875 0.07222222222222222
4 0.1375 0.49166666666666664 0.1171875 0.10833333333333334
4 0.4046875 0.5055555555555555 0.03125 0.058333333333333334
9 0.2 0.5138888888888888 0.0640625 0.044444444444444446
5 0.440625 0.5277777777777778 0.0234375 0.027777777777777776