5 0.3859375 0.7055555555555556 0.1296875 0.18888888888888888
3 0.7609375 0.8333333333333334 0.1625 0.23333333333333334
3 0.171875 0.6472222222222223 0.03125 0.075
3 0.2546875 0.6694444444444444 0.0234375 0.075
19 0.4265625 0.625 0.065625 0.11944444444444445
11 0.3109375 0.575 0.0515625 0.07222222222222222
5 0.8875 0.6833333333333333 0.2203125 0.15555555555555556
5 0.6921875 0.65 0.1203125 0.10555555555555556
5 0.6140625 0.6333333333333333 0.05625 0.075
5 0.56875 0.6194444444444445 0.0453125 0.05555555555555555
5 0.9515625 0.6333333333333333 0.0921875 0.06666666666666667
19 0.725 0.5972222222222222 0.0609375 0.03888888888888889