5 0.80625 0.6583333333333333 0.059375 0.03888888888888889
10 0.9828125 0.6638888888888889 0.0296875 0.04722222222222222
5 0.6 0.8083333333333333 0.1953125 0.225
5 0.7953125 0.9416666666666667 0.40625 0.09722222222222222
5 0.2609375 0.8555555555555555 0.353125 0.28055555555555556
5 0.0640625 0.825 0.128125 0.2972222222222222
15 0.2328125 0.7222222222222222 0.171875 0.14444444444444443
5 0.0734375 0.6805555555555556 0.14375 0.1
15 0.4015625 0.75 0.128125 0.22777777777777777
19 0.525 0.7111111111111111 0.1140625 0.14722222222222223
19 0.6046875 0.675 0.05625 0.05555555555555555