3 0.8921875 0.6805555555555556 0.0296875 0.05555555555555555
3 0.846875 0.6777777777777778 0.0375 0.03888888888888889
10 0.8046875 0.6805555555555556 0.03125 0.05555555555555555
17 0.7296875 0.6694444444444444 0.0578125 0.07777777777777778
10 0.6765625 0.6833333333333333 0.034375 0.03888888888888889
10 0.64375 0.6805555555555556 0.03125 0.03888888888888889
10 0.6203125 0.6805555555555556 0.0171875 0.030555555555555555
5 0.503125 0.6611111111111111 0.021875 0.019444444444444445
10 0.5625 0.675 0.0125 0.030555555555555555
5 0.2296875 0.8722222222222222 0.3 0.24722222222222223
5 0.071875 0.8472222222222222 0.14375 0.2916666666666667
5 0.26875 0.7194444444444444 0.0890625 0.06388888888888888
15 0.05625 0.675 0.0609375 0.058333333333333334
15 0.140625 0.7055555555555556 0.115625 0.14722222222222223
19 0.25625 0.6805555555555556 0.075 0.07777777777777778
5 0.1984375 0.7 0.021875 0.075