5 0.9578125 0.7611111111111111 0.08125 0.2638888888888889
5 0.8515625 0.6555555555555556 0.1265625 0.12222222222222222
4 0.7265625 0.5833333333333334 0.0828125 0.11388888888888889
3 0.6921875 0.6388888888888888 0.0140625 0.04722222222222222
5 0.646875 0.6083333333333333 0.0328125 0.044444444444444446
9 0.5484375 0.6888888888888889 0.1296875 0.2388888888888889
5 0.05703125 0.7444444444444445 0.1140625 0.15
15 0.1984375 0.6166666666666667 0.1359375 0.08055555555555556
5 0.2515625 0.6833333333333333 0.1859375 0.12222222222222222
5 0.3828125 0.6416666666666667 0.1015625 0.06666666666666667
5 0.453125 0.6111111111111112 0.0671875 0.05