5 0.034375 0.6916666666666667 0.06875 0.23055555555555557
5 0.325 0.5694444444444444 0.18125 0.12777777777777777
10 0.1609375 0.5722222222222222 0.0671875 0.08611111111111111
5 0.5671875 0.6138888888888889 0.1078125 0.14722222222222223
4 0.43125 0.49722222222222223 0.0328125 0.06944444444444445
9 0.4984375 0.5222222222222223 0.0234375 0.041666666666666664
3 0.478125 0.5666666666666667 0.0125 0.05277777777777778
5 0.515625 0.5222222222222223 0.009375 0.025
19 0.86875 0.6083333333333333 0.1953125 0.175
5 0.6890625 0.5611111111111111 0.0546875 0.05555555555555555
17 0.746875 0.5666666666666667 0.0546875 0.07777777777777778