10 0.0921875 0.6666666666666666 0.0453125 0.11388888888888889
10 0.3046875 0.65 0.0359375 0.08888888888888889
15 0.3109375 0.5833333333333334 0.0875 0.10277777777777777
5 0.4484375 0.5833333333333334 0.028125 0.03611111111111111
5 0.5546875 0.6805555555555556 0.1375 0.17222222222222222
5 0.846875 0.6638888888888889 0.18125 0.1388888888888889
15 0.7125 0.6166666666666667 0.10625 0.09444444444444444
5 0.6296875 0.6055555555555555 0.0578125 0.05555555555555555
4 0.4078125 0.5527777777777778 0.021875 0.041666666666666664
19 0.475 0.575 0.021875 0.03888888888888889
17 0.03203125 0.6416666666666667 0.0640625 0.25