9 0.815625 0.6833333333333333 0.359375 0.3055555555555556
3 0.465625 0.8083333333333333 0.0828125 0.20277777777777778
5 0.553125 0.65 0.1109375 0.14444444444444443
5 0.3421875 0.6638888888888889 0.1453125 0.17222222222222222
5 0.434375 0.6055555555555555 0.0484375 0.07777777777777778
5 0.496875 0.6027777777777777 0.03125 0.06388888888888888
5 0.2765625 0.575 0.0421875 0.03888888888888889
5 0.31875 0.5638888888888889 0.0234375 0.025
10 0.6 0.6166666666666667 0.0234375 0.030555555555555555
19 0.0875 0.5777777777777777 0.0953125 0.08611111111111111
17 0.1953125 0.5777777777777777 0.034375 0.058333333333333334
17 0.2296875 0.5694444444444444 0.0296875 0.044444444444444446