5 0.321875 0.8416666666666667 0.64375 0.30277777777777776
3 0.0578125 0.7861111111111111 0.115625 0.08611111111111111
5 0.9484375 0.7944444444444444 0.0984375 0.3194444444444444
5 0.415625 0.6472222222222223 0.14375 0.08055555555555556
5 0.275 0.6222222222222222 0.0921875 0.05555555555555555
5 0.1609375 0.6083333333333333 0.084375 0.06111111111111111
5 0.0859375 0.5972222222222222 0.059375 0.04722222222222222
5 0.01796875 0.5888888888888889 0.0359375 0.05
5 0.85 0.6916666666666667 0.10625 0.1388888888888889
5 0.4890625 0.625 0.084375 0.04722222222222222
5 0.725 0.6305555555555555 0.0546875 0.04722222222222222
11 0.621875 0.5972222222222222 0.096875 0.10555555555555556
15 0.59375 0.6333333333333333 0.1015625 0.08055555555555556
5 0.7453125 0.6055555555555555 0.0453125 0.030555555555555555
15 0.809375 0.6166666666666667 0.05625 0.05555555555555555