5 0.4265625 0.6083333333333333 0.09375 0.1361111111111111
3 0.3203125 0.6138888888888889 0.021875 0.09722222222222222
10 0.0828125 0.5888888888888889 0.0625 0.09722222222222222
4 0.2953125 0.4888888888888889 0.1078125 0.1388888888888889
4 0.3640625 0.5055555555555555 0.03125 0.09722222222222222
4 0.3875 0.5055555555555555 0.01875 0.06944444444444445
9 0.4390625 0.5305555555555556 0.0234375 0.030555555555555555
5 0.4625 0.5333333333333333 0.0171875 0.016666666666666666
5 0.79375 0.6638888888888889 0.196875 0.14722222222222223
5 0.890625 0.6527777777777778 0.0890625 0.08055555555555556
15 0.6640625 0.5888888888888889 0.0921875 0.09722222222222222
15 0.7625 0.5777777777777777 0.0984375 0.05277777777777778
5 0.6046875 0.5777777777777777 0.040625 0.05277777777777778
5 0.56875 0.5666666666666667 0.034375 0.03888888888888889
5 0.5421875 0.55 0.021875 0.03333333333333333