17 0.02734375 0.5736111111111111 0.0546875 0.19166666666666668
17 0.2234375 0.5083333333333333 0.0734375 0.08888888888888889
17 0.3140625 0.49166666666666664 0.028125 0.06388888888888888
5 0.365625 0.5 0.0484375 0.06111111111111111
5 0.525 0.55 0.0828125 0.10555555555555556
9 0.4640625 0.4888888888888889 0.021875 0.044444444444444446
4 0.4078125 0.4583333333333333 0.0171875 0.03333333333333333
9 0.8796875 0.5833333333333334 0.1765625 0.15555555555555556
5 0.9640625 0.5972222222222222 0.065625 0.10555555555555556
5 0.7359375 0.5527777777777778 0.10625 0.08888888888888889
5 0.7796875 0.5388888888888889 0.0359375 0.05
5 0.653125 0.5222222222222223 0.0578125 0.05277777777777778
5 0.6078125 0.5111111111111111 0.0359375 0.03333333333333333
19 0.58125 0.49166666666666664 0.0453125 0.03888888888888889
5 0.7046875 0.5083333333333333 0.04375 0.019444444444444445