11 0.1109375 0.5666666666666667 0.190625 0.25555555555555554
3 0.228125 0.7666666666666667 0.06875 0.18333333333333332
5 0.275 0.6194444444444445 0.0765625 0.09722222222222222
5 0.39375 0.6305555555555555 0.0671875 0.09444444444444444
5 0.703125 0.6388888888888888 0.1171875 0.08611111111111111
5 0.5609375 0.6055555555555555 0.04375 0.03888888888888889
5 0.515625 0.5972222222222222 0.0171875 0.030555555555555555
11 0.5484375 0.5666666666666667 0.03125 0.025
4 0.584375 0.5583333333333333 0.065625 0.03888888888888889
5 0.83125 0.6222222222222222 0.0671875 0.08055555555555556
9 0.7609375 0.6138888888888889 0.1234375 0.10555555555555556
9 0.6203125 0.6027777777777777 0.0734375 0.06388888888888888
19 0.475 0.6111111111111112 0.065625 0.1
15 0.4296875 0.6 0.028125 0.05