4 0.12890625 0.45 0.2578125 0.45
4 0.296875 0.49722222222222223 0.08125 0.17222222222222222
5 0.375 0.5944444444444444 0.084375 0.13333333333333333
9 0.428125 0.5416666666666666 0.0265625 0.05277777777777778
9 0.953125 0.7694444444444445 0.090625 0.17222222222222222
9 0.75 0.6527777777777778 0.153125 0.14166666666666666
15 0.865625 0.6305555555555555 0.1078125 0.10555555555555556
5 0.6390625 0.6027777777777777 0.0734375 0.08611111111111111
5 0.5953125 0.5777777777777777 0.040625 0.04722222222222222
5 0.5609375 0.5638888888888889 0.034375 0.04722222222222222
5 0.515625 0.5472222222222223 0.0234375 0.025
5 0.4484375 0.5388888888888889 0.0125 0.030555555555555555