16 0.06953125 0.5694444444444444 0.1390625 0.09444444444444444
17 0.19375 0.5722222222222222 0.08125 0.1
17 0.26875 0.5722222222222222 0.0640625 0.08611111111111111
3 0.309375 0.6388888888888888 0.03125 0.08611111111111111
16 0.3328125 0.5638888888888889 0.0375 0.058333333333333334
5 0.48125 0.5694444444444444 0.03125 0.04722222222222222
17 0.41875 0.5555555555555556 0.0265625 0.03611111111111111
5 0.8359375 0.6388888888888888 0.153125 0.11944444444444445
5 0.7390625 0.6 0.06875 0.07222222222222222
5 0.6609375 0.5833333333333334 0.0453125 0.05
5 0.6296875 0.5722222222222222 0.0234375 0.03888888888888889
19 0.5328125 0.5694444444444444 0.0359375 0.058333333333333334
4 0.940625 0.49722222222222223 0.115625 0.10277777777777777
9 0.89375 0.6138888888888889 0.1375 0.15