3 0.1859375 0.7472222222222222 0.065625 0.21388888888888888
5 0.671875 0.775 0.5703125 0.2722222222222222
5 0.3890625 0.6194444444444445 0.0828125 0.1111111111111111
5 0.4875 0.6222222222222222 0.0828125 0.06388888888888888
5 0.6203125 0.6333333333333333 0.2 0.07222222222222222
5 0.765625 0.6277777777777778 0.115625 0.09166666666666666
5 0.9203125 0.6638888888888889 0.15625 0.10277777777777777
5 0.34375 0.5916666666666667 0.04375 0.07222222222222222
5 0.4328125 0.5944444444444444 0.0375 0.06666666666666667
9 0.4640625 0.5805555555555556 0.0421875 0.05555555555555555
5 0.61875 0.5888888888888889 0.0546875 0.03888888888888889