5 0.7921875 0.7638888888888888 0.4109375 0.2972222222222222
5 0.16484375 0.7333333333333333 0.3296875 0.3611111111111111
5 0.421875 0.6194444444444445 0.109375 0.16944444444444445
5 0.2484375 0.5277777777777778 0.040625 0.044444444444444446
5 0.14375 0.5444444444444444 0.0875 0.075
9 0.340625 0.55 0.059375 0.10277777777777777
9 0.29375 0.5111111111111111 0.0265625 0.03888888888888889
17 0.4671875 0.55 0.0328125 0.075
3 0.596875 0.65 0.03125 0.1
3 0.5265625 0.5805555555555556 0.015625 0.05277777777777778
3 0.503125 0.5611111111111111 0.0125 0.041666666666666664
5 0.7359375 0.6027777777777777 0.1671875 0.06944444444444445