17 0.8046875 0.6944444444444444 0.2296875 0.4361111111111111
15 0.690625 0.5083333333333333 0.0625 0.08055555555555556
5 0.5515625 0.5777777777777777 0.11875 0.175
5 0.36875 0.5972222222222222 0.2 0.19722222222222222
5 0.23125 0.5111111111111111 0.1328125 0.09722222222222222
5 0.5984375 0.5 0.0421875 0.06666666666666667
9 0.35 0.4777777777777778 0.0578125 0.06388888888888888
5 0.3140625 0.4777777777777778 0.0265625 0.04722222222222222
9 0.4359375 0.4638888888888889 0.03125 0.027777777777777776
5 0.44375 0.4861111111111111 0.0453125 0.030555555555555555
5 0.4765625 0.475 0.021875 0.030555555555555555